1605017228.609893,0
1605017228.646136,0
1605017228.673071,0
1605017228.703123,0
1605017228.734580,0
1605017228.760094,0
1605017228.783641,0
1605017228.807650,0
1605017228.834599,0
1605017228.862959,0
1605017228.888373,0
1605017228.914246,0
1605017228.939355,0
1605017228.967301,0
1605017228.992710,0
1605017229.026254,0
1605017229.058824,0
1605017229.091036,0
1605017229.115741,0
1605017229.144980,0
1605017229.169653,0
1605017229.194679,0
1605017229.234123,0
1605017229.266304,0
1605017229.291131,0
1605017229.315280,0
1605017229.346673,0
1605017229.378836,0
1605017229.407675,0
1605017229.442020,0
1605017229.478284,0
1605017229.506392,0
1605017229.539325,0
1605017229.574860,0
1605017229.602552,0
1605017229.637708,0
1605017229.670013,0
1605017229.703467,0
1605017229.736715,0
1605017229.764910,0
1605017229.789783,0
1605017229.818789,0
1605017229.848809,0
1605017229.885257,0
1605017229.918957,0
1605017229.950566,0
1605017229.982787,0
1605017230.014658,0
1605017230.045905,0
1605017230.079393,0
1605017230.106684,0
1605017230.142728,0
1605017230.174903,0
1605017230.199140,0
1605017230.227246,0
1605017230.262168,0
1605017230.298011,0
1605017230.325639,0
1605017230.362422,0
1605017230.389184,0
1605017230.418916,0
1605017230.458042,0
1605017230.486878,0
1605017230.512001,0
1605017230.549768,0
1605017230.606220,0
1605017230.638227,0
1605017230.666938,0
1605017230.694185,0
1605017230.724010,0
1605017230.758271,0
1605017230.788958,0
1605017230.816535,0
1605017230.858015,0
1605017230.886720,0
1605017230.914967,0
1605017230.947612,0
1605017230.982114,0
1605017231.011634,0
1605017231.043782,0
1605017231.072455,0
1605017231.102647,0
1605017231.130716,0
1605017231.162204,0
1605017231.199185,0
1605017231.226967,0
1605017231.258859,0
1605017231.294178,0
1605017231.327056,0
1605017231.362319,0
1605017231.389255,0
1605017231.414741,0
1605017231.445788,0
1605017231.480167,0
1605017231.514210,0
1605017231.542150,0
1605017231.577036,0
1605017231.608416,0
1605017231.633093,0
1605017231.666549,0
1605017231.698122,0
1605017231.726365,0
1605017231.760338,0
1605017231.792859,0
1605017231.822357,0
1605017231.859341,0
1605017231.894043,0
1605017231.926055,0
1605017231.962944,0
1605017231.998144,0
1605017232.023767,0
1605017232.062691,0
1605017232.099097,0
1605017232.129912,0
1605017232.164059,0
1605017232.194339,0
1605017232.223150,0
1605017232.254562,0
1605017232.284509,0
1605017232.314410,0
1605017232.342270,0
1605017232.372441,0
1605017232.406639,0
1605017232.435908,0
1605017232.472089,0
1605017232.502424,0
1605017232.534020,0
1605017232.574558,0
1605017232.607450,0
1605017232.632397,0
1605017232.672407,0
1605017232.706815,0
1605017232.731806,0
1605017232.766274,0
1605017232.798884,0
1605017232.824960,0
1605017232.855969,0
1605017232.890035,0
1605017232.917961,0
1605017232.948241,0
1605017232.978043,0
1605017233.006200,0
1605017233.035038,0
1605017233.073828,0
1605017233.102728,0
1605017233.131540,0
1605017233.164003,0
1605017233.199712,0
1605017233.225590,0
1605017233.254030,0
1605017233.286150,0
1605017233.316832,0
1605017233.346708,0
1605017233.382110,0
1605017233.418329,0
1605017233.446871,0
1605017233.481292,0
1605017233.513850,0
1605017233.542238,0
1605017233.581139,0
1605017233.613957,0
1605017233.645202,0
1605017233.679031,0
1605017233.710929,0
1605017233.738325,0
1605017233.764732,0
1605017233.798637,0
1605017233.831058,0
1605017233.858710,0
1605017233.889182,0
1605017233.917290,0
1605017233.947193,0
1605017233.983043,0
1605017234.014996,0
1605017234.042819,0
1605017234.074270,0
1605017234.110888,0
1605017234.140501,0
1605017234.169978,0
1605017234.198788,0
1605017234.231062,0
1605017234.259517,0
1605017234.290053,0
1605017234.318902,0
1605017234.346964,0
1605017234.382861,0
1605017234.419295,0
1605017234.446648,0
1605017234.478552,0
1605017234.514374,0
1605017234.542144,0
1605017234.572566,0
1605017234.606053,0
1605017234.638434,0
1605017234.667049,0
1605017234.698761,0
1605017234.727045,0
1605017234.752281,0
1605017234.789384,0
1605017234.821011,0
1605017234.854148,0
1605017234.894984,0
1605017234.930043,0
1605017234.959257,0
1605017234.994028,0
1605017235.030916,0
1605017235.057739,0
1605017235.089999,0
1605017235.122449,0
1605017235.150933,0
1605017235.179861,0
1605017235.218149,0
1605017235.249200,0
1605017235.279684,0
1605017235.306308,0
1605017235.334918,0
1605017235.364763,1
1605017235.398074,0
1605017235.430877,0
1605017235.464005,0
1605017235.490937,0
1605017235.514823,0
1605017235.542072,0
1605017235.566506,0
1605017235.598874,0
1605017235.634251,0
1605017235.664355,0
1605017235.698235,0
1605017235.731269,0
1605017235.758073,0
1605017235.787072,0
1605017235.816798,0
1605017235.846062,0
1605017235.875190,0
1605017235.909957,0
1605017235.939570,0
1605017235.966523,0
1605017236.008731,0
1605017236.042918,0
1605017236.078433,0
1605017236.106653,0
1605017236.133928,0
1605017236.159536,0
1605017236.183679,0
1605017236.214060,0
1605017236.242321,0
1605017236.270150,0
1605017236.310515,0
1605017236.342292,0
1605017236.370314,0
1605017236.411570,0
1605017236.447157,0
1605017236.475152,0
1605017236.514196,0
1605017236.548907,0
1605017236.586401,0
1605017236.619944,0
1605017236.656994,0
1605017236.682689,0
1605017236.714602,0
1605017236.750357,0
1605017236.782789,0
1605017236.818141,0
1605017236.848880,0
1605017236.878180,0
1605017236.914308,0
1605017236.946118,0
1605017236.973132,0
1605017236.999604,0
1605017237.036318,0
1605017237.064378,0
1605017237.094828,0
1605017237.123366,0
1605017237.158155,0
1605017237.187013,0
1605017237.223368,0
1605017237.262914,0
1605017237.299291,0
1605017237.334802,0
1605017237.366168,0
1605017237.396294,0
1605017237.434477,0
1605017237.464236,0
1605017237.494780,0
1605017237.524380,0
1605017237.558042,0
1605017237.583953,0
1605017237.627202,0
1605017237.658448,0
1605017237.687436,0
1605017237.730265,0
1605017237.761947,0
1605017237.802172,0
1605017237.835455,0
1605017237.873051,0
1605017237.898905,0
1605017237.934213,0
1605017237.966422,0
1605017237.995354,0
1605017238.030553,0
1605017238.059089,0
1605017238.083699,0
1605017238.117243,0
1605017238.149776,0
1605017238.182243,0
1605017238.210561,0
1605017238.242978,0
1605017238.279847,0
1605017238.309964,0
1605017238.341049,0
1605017238.375369,0
1605017238.405072,0
1605017238.438511,0
1605017238.474233,0
1605017238.507453,0
1605017238.539752,0
1605017238.578933,0
1605017238.615563,0
1605017238.654360,0
1605017238.683988,0
1605017238.718804,0
1605017238.749832,0
1605017238.779957,0
1605017238.806851,0
1605017238.842873,0
1605017238.876198,0
1605017238.903386,0
1605017238.939808,0
1605017238.975028,0
1605017239.002451,0
1605017239.038843,0
1605017239.073940,0
1605017239.102044,0
1605017239.139302,0
1605017239.170905,0
1605017239.202338,0
1605017239.235013,0
1605017239.267420,0
1605017239.302941,0
1605017239.334664,0
1605017239.364919,0
1605017239.403736,0
1605017239.439296,0
1605017239.474582,0
1605017239.503986,0
1605017239.535558,0
1605017239.572951,0
1605017239.603656,0
1605017239.633963,0
1605017239.670624,0
1605017239.702981,0
1605017239.746298,0
1605017239.783139,0
1605017239.816688,0
1605017239.854244,0
1605017239.887084,0
1605017239.924660,0
1605017239.960682,0
1605017239.997969,0
1605017240.024862,0
1605017240.061695,0
1605017240.098030,0
1605017240.129939,0
1605017240.166344,0
1605017240.201988,0
1605017240.246016,0
1605017240.286453,0
1605017240.320484,0
1605017240.362125,0
1605017240.394135,0
1605017240.419631,0
1605017240.454185,0
1605017240.486017,0
1605017240.514946,0
1605017240.548876,0
1605017240.584815,0
1605017240.614949,0
1605017240.649423,0
1605017240.686134,0
1605017240.714462,0
1605017240.758275,0
1605017240.795771,0
1605017240.824120,0
1605017240.865963,0
1605017240.898974,0
1605017240.926804,0
1605017240.963617,0
1605017240.999251,0
1605017241.030042,0
1605017241.062855,0
1605017241.099405,0
1605017241.130099,0
1605017241.165823,0
1605017241.197987,0
1605017241.230196,0
1605017241.259493,0
1605017241.289456,0
1605017241.318121,0
1605017241.348569,0
1605017241.379033,0
1605017241.407978,0
1605017241.438045,0
1605017241.473279,0
1605017241.509931,0
1605017241.536259,0
1605017241.569439,0
1605017241.600760,0
1605017241.630994,0
1605017241.670319,0
1605017241.701628,0
1605017241.734137,0
1605017241.764768,0
1605017241.799905,0
1605017241.842099,0
1605017241.874479,0
1605017241.902099,0
1605017241.929424,0
1605017241.962124,0
1605017241.994376,0
1605017242.024204,0
1605017242.058333,0
1605017242.088140,0
1605017242.119527,0
1605017242.147310,0
1605017242.182224,0
1605017242.214109,0
1605017242.243125,0
1605017242.278353,0
1605017242.314050,0
1605017242.345417,0
1605017242.382830,0
1605017242.414073,0
1605017242.442067,0
1605017242.479241,0
1605017242.510225,0
1605017242.538225,0
1605017242.579469,0
1605017242.614154,0
1605017242.647083,0
1605017242.678005,0
1605017242.714210,0
1605017242.749636,0
1605017242.778863,0
1605017242.808120,0
1605017242.834138,0
1605017242.858754,0
1605017242.888832,0
1605017242.916944,0
1605017242.946661,0
1605017242.982484,0
1605017243.018314,0
1605017243.046338,0
1605017243.084184,0
1605017243.118288,0
1605017243.147793,0
1605017243.182752,0
1605017243.218157,0
1605017243.258086,0
1605017243.295185,0
1605017243.328218,0
1605017243.359401,0
1605017243.390036,0
1605017243.423491,0
1605017243.447788,0
1605017243.487506,0
1605017243.520303,0
1605017243.558588,0
1605017243.594874,0
1605017243.633988,0
1605017243.666878,0
1605017243.706897,0
1605017243.739466,0
1605017243.766430,0
1605017243.806574,0
1605017243.838359,0
1605017243.866590,0
1605017243.898747,0
1605017243.930945,0
1605017243.958943,0
1605017243.993585,0
1605017244.023408,0
1605017244.049506,0
1605017244.083958,0
1605017244.119190,0
1605017244.147646,0
1605017244.174619,0
1605017244.204756,0
1605017244.239299,0
1605017244.271251,0
1605017244.307376,0
1605017244.337542,0
1605017244.366040,0
1605017244.403520,0
1605017244.434914,0
1605017244.463002,0
1605017244.500892,0
1605017244.535504,0
1605017244.564006,0
1605017244.601723,0
1605017244.635247,0
1605017244.662957,0
1605017244.699632,0
1605017244.734103,0
1605017244.762363,0
1605017244.803741,0
1605017244.842832,0
1605017244.875048,0
1605017244.914959,0
1605017244.950131,0
1605017244.978634,0
1605017245.012850,0
1605017245.042783,0
1605017245.071368,0
1605017245.110258,0
1605017245.141924,0
1605017245.171477,0
1605017245.210299,0
1605017245.242044,0
1605017245.267543,0
1605017245.309269,0
1605017245.342318,0
1605017245.370631,0
1605017245.410317,0
1605017245.446883,0
1605017245.474671,0
1605017245.514326,0
1605017245.543024,0
1605017245.574771,0
1605017245.614318,0
1605017245.649016,0
1605017245.678991,0
1605017245.713263,0
1605017245.749033,0
1605017245.778952,0
1605017245.814402,0
1605017245.846419,0
1605017245.879835,0
1605017245.918835,0
1605017245.947033,0
1605017245.975392,0
1605017246.014017,0
1605017246.046406,0
1605017246.078454,0
1605017246.114662,0
1605017246.149166,0
1605017246.178665,0
1605017246.212837,0
1605017246.242833,0
1605017246.271152,0
1605017246.298707,0
1605017246.328551,0
1605017246.358084,0
1605017246.387112,0
1605017246.418743,0
1605017246.450231,0
1605017246.478767,0
1605017246.514192,0
1605017246.549675,0
1605017246.579376,0
1605017246.618378,0
1605017246.648757,0
1605017246.680259,0
1605017246.719223,0
1605017246.750387,0
1605017246.778265,0
1605017246.803465,0
1605017246.836351,0
1605017246.866079,0
1605017246.895228,0
1605017246.930215,0
1605017246.962223,0
1605017246.989529,0
1605017247.023690,0
1605017247.059194,0
1605017247.087884,0
1605017247.122941,0
1605017247.158445,0
1605017247.183889,0
1605017247.222824,0
1605017247.254395,0
1605017247.289810,0
1605017247.329605,0
1605017247.361987,0
1605017247.394965,0
1605017247.434106,0
1605017247.466316,0
1605017247.494774,0
1605017247.534333,0
1605017247.563867,0
1605017247.594398,0
1605017247.630909,0
1605017247.658974,0
1605017247.686464,0
1605017247.715509,0
1605017247.750257,0
1605017247.779623,0
1605017247.808203,0
1605017247.839131,0
1605017247.873893,0
1605017247.902090,0
1605017247.938430,0
1605017247.965937,0
1605017247.994972,0
1605017248.034984,0
1605017248.070087,0
1605017248.098202,0
1605017248.135032,0
1605017248.166036,0
1605017248.194546,0
1605017248.228457,0
1605017248.263059,0
1605017248.289144,0
1605017248.315441,0
1605017248.347668,0
1605017248.381695,0
1605017248.411772,0
1605017248.454037,1
1605017248.491588,8
1605017248.523845,12
1605017248.556862,15
1605017248.589710,19
1605017248.619917,20
1605017248.651292,20
1605017248.690054,19
1605017248.718566,19
1605017248.754148,19
1605017248.783805,19
1605017248.815289,17
1605017248.851013,15
1605017248.882354,13
1605017248.910966,13
1605017248.945881,17
1605017248.977700,19
1605017249.006281,19
1605017249.033627,18
1605017249.066926,18
1605017249.097692,18
1605017249.126867,19
1605017249.162114,20
1605017249.193899,20
1605017249.223345,19
1605017249.258347,19
1605017249.289245,19
1605017249.315826,19
1605017249.356362,19
1605017249.387725,20
1605017249.415545,19
1605017249.452005,20
1605017249.484603,19
1605017249.511963,19
1605017249.540885,19
1605017249.571613,17
1605017249.600746,15
1605017249.630290,13
1605017249.665034,11
1605017249.697928,8
1605017249.734071,9
1605017249.764346,9
1605017249.794276,9
1605017249.818696,9
1605017249.850198,10
1605017249.882907,10
1605017249.910855,11
1605017249.936759,12
1605017249.968136,12
1605017250.000101,12
1605017250.028824,11
1605017250.061305,12
1605017250.092252,12
1605017250.122821,13
1605017250.158132,12
1605017250.189088,13
1605017250.214211,13
1605017250.251399,14
1605017250.283349,14
1605017250.317156,13
1605017250.349328,14
1605017250.378990,15
1605017250.406764,15
1605017250.431522,14
1605017250.464745,14
1605017250.497909,15
1605017250.525816,16
1605017250.558854,15
1605017250.591917,15
1605017250.616110,15
1605017250.642298,16
1605017250.673946,16
1605017250.706127,17
1605017250.733942,16
1605017250.773192,16
1605017250.803573,17
1605017250.830693,18
1605017250.862890,18
1605017250.894049,17
1605017250.930565,17
1605017250.962663,18
1605017250.988376,18
1605017251.013683,18
1605017251.039119,18
1605017251.074086,18
1605017251.106947,19
1605017251.132308,19
1605017251.164869,19
1605017251.198014,19
1605017251.226351,19
1605017251.251301,20
1605017251.284885,19
1605017251.317313,19
1605017251.346406,19
1605017251.378814,20
1605017251.411768,20
1605017251.448866,19
1605017251.485987,20
1605017251.519479,19
1605017251.554153,18
1605017251.588279,15
1605017251.619647,13
1605017251.655788,11
1605017251.690712,8
1605017251.728477,9
1605017251.762195,10
1605017251.797963,9
1605017251.834524,10
1605017251.867223,10
1605017251.903050,10
1605017251.938656,12
1605017251.973475,12
1605017252.007648,11
1605017252.044248,11
1605017252.073994,12
1605017252.100332,13
1605017252.128306,12
1605017252.156924,13
1605017252.191611,14
1605017252.223956,13
1605017252.249069,13
1605017252.291205,13
1605017252.326436,14
1605017252.353231,14
1605017252.392307,15
1605017252.425849,14
1605017252.454444,16
1605017252.493605,15
1605017252.526736,16
1605017252.558018,16
1605017252.598590,15
1605017252.629891,16
1605017252.661365,16
1605017252.698204,17
1605017252.735168,16
1605017252.773005,17
1605017252.806547,17
1605017252.842237,17
1605017252.874832,18
1605017252.908022,18
1605017252.934231,17
1605017252.962828,19
1605017252.995470,19
1605017253.026105,18
1605017253.053660,19
1605017253.079363,18
1605017253.113387,19
1605017253.146091,19
1605017253.176834,19
1605017253.206836,19
1605017253.239962,19
1605017253.266938,19
1605017253.304766,19
1605017253.339537,19
1605017253.373846,19
1605017253.408719,20
1605017253.449751,20
1605017253.480426,20
1605017253.514117,19
1605017253.548311,16
1605017253.581305,14
1605017253.617688,12
1605017253.654252,11
1605017253.682621,9
1605017253.717775,9
1605017253.748991,9
1605017253.780079,10
1605017253.814724,10
1605017253.844679,11
1605017253.879147,10
1605017253.911727,11
1605017253.944461,11
1605017253.976266,11
1605017254.012309,11
1605017254.046079,12
1605017254.078304,13
1605017254.114346,12
1605017254.143610,13
1605017254.174312,14
1605017254.209659,13
1605017254.246073,13
1605017254.279014,14
1605017254.313617,14
1605017254.348960,14
1605017254.378192,14
1605017254.413707,14
1605017254.444226,15
1605017254.484146,15
1605017254.523407,16
1605017254.562369,15
1605017254.587759,16
1605017254.624224,16
1605017254.655448,17
1605017254.686575,16
1605017254.724372,16
1605017254.759553,17
1605017254.790231,18
1605017254.824037,17
1605017254.856397,18
1605017254.895259,18
1605017254.928699,19
1605017254.958171,18
1605017254.982589,19
1605017255.014213,18
1605017255.047886,19
1605017255.078521,19
1605017255.106017,20
1605017255.140871,20
1605017255.174418,19
1605017255.202370,19
1605017255.234717,19
1605017255.264016,19
1605017255.294665,19
1605017255.328654,19
1605017255.362645,20
1605017255.397781,19
1605017255.435465,19
1605017255.464808,19
1605017255.500378,19
1605017255.535918,17
1605017255.570086,14
1605017255.597643,12
1605017255.629742,10
1605017255.663870,8
1605017255.692491,10
1605017255.728287,9
1605017255.761839,10
1605017255.791141,11
1605017255.823418,11
1605017255.855142,11
1605017255.915578,13
1605017255.949170,12
1605017255.985208,11
1605017256.012799,11
1605017256.050756,12
1605017256.082572,14
1605017256.116595,13
1605017256.141680,14
1605017256.166345,14
1605017256.203923,15
1605017256.233121,13
1605017256.262960,13
1605017256.289345,14
1605017256.314218,14
1605017256.338593,14
1605017256.362614,14
1605017256.386433,14
1605017256.411448,15
1605017256.436730,15
1605017256.462733,15
1605017256.486161,16
1605017256.510501,16
1605017256.535355,16
1605017256.558815,16
1605017256.582568,17
1605017256.605737,18
1605017256.630673,18
1605017256.664612,17
1605017256.689378,17
1605017256.713489,17
1605017256.738823,16
1605017256.762522,17
1605017256.787251,17
1605017256.810622,17
1605017256.833979,18
1605017256.858820,18
1605017256.882825,18
1605017256.906762,18
1605017256.929623,19
1605017256.955049,19
1605017256.978446,19
1605017257.002836,19
1605017257.027221,19
1605017257.050660,19
1605017257.075029,20
1605017257.098488,19
1605017257.122290,19
1605017257.146707,19
1605017257.170717,19
1605017257.194529,19
1605017257.217479,18
1605017257.249266,18
1605017257.282491,19
1605017257.311116,17
1605017257.339380,15
1605017257.364933,14
1605017257.389734,12
1605017257.413289,11
1605017257.438215,9
1605017257.462577,10
1605017257.485936,9
1605017257.511369,10
1605017257.534733,9
1605017257.558756,10
1605017257.581976,10
1605017257.604553,12
1605017257.627490,12
1605017257.652251,13
1605017257.675280,12
1605017257.699098,13
1605017257.724528,15
1605017257.746927,15
1605017257.771074,15
1605017257.794365,15
1605017257.818189,14
1605017257.841591,14
1605017257.867970,13
1605017257.891904,12
1605017257.915304,12
1605017257.939207,13
1605017257.962668,14
1605017257.984659,15
1605017258.009603,15
1605017258.034449,16
1605017258.057893,16
1605017258.082273,18
1605017258.106132,16
1605017258.129087,16
1605017258.152484,15
1605017258.175932,14
1605017258.207319,15
1605017258.239361,17
1605017258.265680,16
1605017258.292694,16
1605017258.318142,16
1605017258.342839,16
1605017258.366704,15
1605017258.389831,16
1605017258.413553,16
1605017258.437459,17
1605017258.470161,18
1605017258.494749,17
1605017258.518997,17
1605017258.542952,18
1605017258.566806,18
1605017258.589823,18
1605017258.614141,18
1605017258.637628,18
1605017258.662442,17
1605017258.687372,18
1605017258.710800,20
1605017258.735217,20
1605017258.758643,20
1605017258.782576,20
1605017258.806530,20
1605017258.833865,18
1605017258.889844,20
1605017258.924288,19
1605017258.948378,19
1605017258.970871,19
1605017258.994831,19
1605017259.019244,16
1605017259.042645,15
1605017259.071374,13
1605017259.101680,11
1605017259.134451,9
1605017259.159744,10
1605017259.185623,9
1605017259.217840,10
1605017259.248787,10
1605017259.286059,9
1605017259.322848,10
1605017259.349743,11
1605017259.384765,11
1605017259.413980,10
1605017259.441540,11
1605017259.476462,11
1605017259.508165,11
1605017259.531715,11
1605017259.557903,12
1605017259.586776,13
1605017259.616215,13
1605017259.643052,13
1605017259.674645,13
1605017259.707740,15
1605017259.741967,14
1605017259.777225,13
1605017259.802980,14
1605017259.827472,15
1605017259.850841,14
1605017259.884393,15
1605017259.915398,15
1605017259.943656,14
1605017259.967870,15
1605017259.996255,15
1605017260.025993,15
1605017260.053864,16
1605017260.087270,17
1605017260.115722,17
1605017260.146801,20
1605017260.178187,20
1605017260.211881,19
1605017260.250282,20
1605017260.282592,18
1605017260.313574,17
1605017260.343408,15
1605017260.379070,12
1605017260.406197,10
1605017260.429954,8
1605017260.454078,7
1605017260.486641,7
1605017260.518879,7
1605017260.543669,10
1605017260.567470,10
1605017260.597367,9
1605017260.627149,9
1605017260.651575,9
1605017260.684727,10
1605017260.717556,9
1605017260.748739,10
1605017260.779092,12
1605017260.807476,11
1605017260.835872,12
1605017260.873766,12
1605017260.910287,11
1605017260.948759,11
1605017260.984899,12
1605017261.018843,13
1605017261.048787,15
1605017261.078137,15
1605017261.113231,15
1605017261.142097,15
1605017261.168816,15
1605017261.205936,15
1605017261.235998,14
1605017261.265175,15
1605017261.300925,16
1605017261.337252,15
1605017261.367107,16
1605017261.408634,16
1605017261.440240,17
1605017261.473582,17
1605017261.505819,15
1605017261.537254,16
1605017261.569633,16
1605017261.604670,16
1605017261.638667,16
1605017261.669907,16
1605017261.707201,17
1605017261.738546,18
1605017261.765571,17
1605017261.800195,17
1605017261.837638,17
1605017261.870648,17
1605017261.902089,19
1605017261.936030,18
1605017261.965180,19
1605017261.992743,18
1605017262.020885,19
1605017262.049225,18
1605017262.086968,19
1605017262.121360,20
1605017262.155170,19
1605017262.188139,20
1605017262.220879,18
1605017262.254696,19
1605017262.283149,16
1605017262.319548,14
1605017262.349771,12
1605017262.379297,11
1605017262.413733,8
1605017262.445966,10
1605017262.475103,10
1605017262.508587,9
1605017262.538762,9
1605017262.570672,10
1605017262.597241,11
1605017262.626662,11
1605017262.656425,12
1605017262.690029,11
1605017262.726147,12
1605017262.753235,12
1605017262.786324,12
1605017262.826459,12
1605017262.857397,13
1605017262.885301,12
1605017262.923688,13
1605017262.958437,13
1605017262.982872,14
1605017263.018310,13
1605017263.049615,15
1605017263.077180,15
1605017263.102605,15
1605017263.133963,15
1605017263.163739,15
1605017263.190193,15
1605017263.223776,15
1605017263.258096,16
1605017263.287985,16
1605017263.319221,16
1605017263.352700,17
1605017263.381099,17
1605017263.414327,16
1605017263.444870,18
1605017263.472734,17
1605017263.497049,17
1605017263.529283,18
1605017263.561938,18
1605017263.589534,17
1605017263.619161,18
1605017263.652307,17
1605017263.682359,18
1605017263.708496,18
1605017263.738489,19
1605017263.770852,19
1605017263.797427,18
1605017263.828149,18
1605017263.860142,20
1605017263.896641,19
1605017263.932004,20
1605017263.964091,20
1605017263.997168,19
1605017264.030953,19
1605017264.066099,19
1605017264.094862,19
1605017264.128493,19
1605017264.160341,19
1605017264.190647,19
1605017264.215246,19
1605017264.248163,18
1605017264.280659,15
1605017264.316023,12
1605017264.348148,10
1605017264.378316,8
1605017264.413547,9
1605017264.446347,8
1605017264.483562,9
1605017264.507432,10
1605017264.542902,10
1605017264.574130,11
1605017264.603402,11
1605017264.638758,10
1605017264.669879,11
1605017264.697532,11
1605017264.725892,12
1605017264.752863,11
1605017264.785553,11
1605017264.810944,12
1605017264.843167,12
1605017264.873619,12
1605017264.902329,12
1605017264.939198,13
1605017264.969953,13
1605017264.997995,14
1605017265.023714,14
1605017265.054327,13
1605017265.082123,15
1605017265.113882,16
1605017265.150095,15
1605017265.185981,15
1605017265.227283,16
1605017265.263201,16
1605017265.291519,16
1605017265.316675,16
1605017265.348927,15
1605017265.382269,16
1605017265.411010,17
1605017265.444329,17
1605017265.475993,16
1605017265.509311,17
1605017265.543738,17
1605017265.576077,17
1605017265.606799,17
1605017265.630733,18
1605017265.663962,17
1605017265.697505,19
1605017265.723838,19
1605017265.759758,18
1605017265.791806,19
1605017265.818325,19
1605017265.854815,19
1605017265.888991,20
1605017265.914768,19
1605017265.950277,19
1605017265.982503,19
1605017266.010659,19
1605017266.036566,19
1605017266.065146,20
1605017266.094156,19
1605017266.123218,19
1605017266.154912,20
1605017266.183882,19
1605017266.214321,19
1605017266.249016,19
1605017266.286120,18
1605017266.320375,16
1605017266.355950,14
1605017266.389395,12
1605017266.419374,9
1605017266.454143,9
1605017266.486210,9
1605017266.515494,9
1605017266.542743,10
1605017266.572899,10
1605017266.602245,10
1605017266.630747,11
1605017266.662689,12
1605017266.694456,12
1605017266.726299,11
1605017266.757646,11
1605017266.787303,13
1605017266.819310,12
1605017266.847831,13
1605017266.878649,12
1605017266.909112,12
1605017266.938406,13
1605017266.974122,13
1605017267.010508,14
1605017267.038003,14
1605017267.070715,15
1605017267.099387,17
1605017267.127188,16
1605017267.155935,16
1605017267.183556,16
1605017267.213520,16
1605017267.250922,16
1605017267.285885,17
1605017267.315574,16
1605017267.346086,16
1605017267.385930,17
1605017267.422689,16
1605017267.456569,16
1605017267.494539,16
1605017267.523975,17
1605017267.553603,17
1605017267.582870,17
1605017267.610175,18
1605017267.635476,18
1605017267.660688,17
1605017267.691797,18
1605017267.723573,18
1605017267.750032,18
1605017267.782210,18
1605017267.814339,18
1605017267.845713,19
1605017267.884071,20
1605017267.921887,19
1605017267.949836,20
1605017267.983351,20
1605017268.015326,20
1605017268.043777,19
1605017268.075026,19
1605017268.110135,20
1605017268.138041,20
1605017268.162859,19
1605017268.193093,20
1605017268.224698,20
1605017268.250231,19
1605017268.287760,16
1605017268.315421,14
1605017268.350294,12
1605017268.381986,10
1605017268.416094,8
1605017268.448838,9
1605017268.489506,9
1605017268.516786,9
1605017268.548057,11
1605017268.582446,10
1605017268.613674,11
1605017268.651792,10
1605017268.690485,11
1605017268.725044,12
1605017268.753204,12
1605017268.793832,12
1605017268.826571,12
1605017268.853698,12
1605017268.886025,13
1605017268.916372,13
1605017268.944630,14
1605017268.970056,13
1605017269.005022,14
1605017269.041351,14
1605017269.067928,15
1605017269.099734,15
1605017269.133324,15
1605017269.161775,16
1605017269.197898,17
1605017269.230034,16
1605017269.270312,15
1605017269.302869,15
1605017269.334323,16
1605017269.373099,16
1605017269.403902,17
1605017269.431588,16
1605017269.456982,16
1605017269.490192,16
1605017269.522018,17
1605017269.548792,17
1605017269.575108,18
1605017269.605591,18
1605017269.637793,17
1605017269.670156,17
1605017269.701034,18
1605017269.734612,19
1605017269.770414,18
1605017269.803068,18
1605017269.833209,19
1605017269.860862,19
1605017269.895230,19
1605017269.926028,19
1605017269.955746,20
1605017269.980616,19
1605017270.013844,19
1605017270.048251,20
1605017270.077957,20
1605017270.108018,20
1605017270.134394,19
1605017270.163108,20
1605017270.197672,19
1605017270.229343,20
1605017270.269768,18
1605017270.304394,15
1605017270.336053,13
1605017270.366231,12
1605017270.407286,9
1605017270.441193,9
1605017270.469302,9
1605017270.506205,10
1605017270.534225,9
1605017270.561843,10
1605017270.587086,10
1605017270.615524,11
1605017270.643686,10
1605017270.670288,11
1605017270.705366,11
1605017270.737844,11
1605017270.764107,11
1605017270.790241,12
1605017270.820998,13
1605017270.850428,13
1605017270.882943,13
1605017270.914215,13
1605017270.949349,13
1605017270.981507,14
1605017271.012457,13
1605017271.046308,14
1605017271.072292,14
1605017271.108455,15
1605017271.139709,15
1605017271.165518,16
1605017271.192327,16
1605017271.224833,15
1605017271.258975,15
1605017271.294895,15
1605017271.324949,16
1605017271.358323,16
1605017271.386350,16
1605017271.413391,16
1605017271.448775,17
1605017271.473794,16
1605017271.498308,17
1605017271.530197,17
1605017271.559168,17
1605017271.583445,18
1605017271.619043,17
1605017271.653098,18
1605017271.682342,18
1605017271.722631,19
1605017271.756534,19
1605017271.781828,18
1605017271.820921,19
1605017271.853191,20
1605017271.880138,19
1605017271.914147,19
1605017271.942613,20
1605017271.974463,19
1605017272.001958,19
1605017272.031430,19
1605017272.064894,19
1605017272.095025,20
1605017272.127382,19
1605017272.159200,19
1605017272.184557,19
1605017272.221946,19
1605017272.253472,18
1605017272.281318,16
1605017272.314881,14
1605017272.347016,12
1605017272.379811,10
1605017272.410957,8
1605017272.446026,10
1605017272.478276,9
1605017272.506303,10
1605017272.539284,10
1605017272.575412,11
1605017272.602207,10
1605017272.632505,10
1605017272.659934,12
1605017272.692922,11
1605017272.726155,11
1605017272.754544,13
1605017272.786395,12
1605017272.821428,12
1605017272.849969,12
1605017272.883657,12
1605017272.911866,13
1605017272.942347,13
1605017272.974107,14
1605017273.002703,13
1605017273.036153,15
1605017273.070399,14
1605017273.097210,15
1605017273.131380,15
1605017273.161302,15
1605017273.188028,16
1605017273.212310,16
1605017273.243844,15
1605017273.278091,15
1605017273.309097,16
1605017273.341539,16
1605017273.374382,16
1605017273.403560,17
1605017273.440439,17
1605017273.471490,16
1605017273.498703,18
1605017273.534737,17
1605017273.564861,18
1605017273.590925,17
1605017273.615234,17
1605017273.647947,18
1605017273.675999,19
1605017273.702266,19
1605017273.738613,18
1605017273.767079,19
1605017273.798330,18
1605017273.827272,18
1605017273.859338,19
1605017273.889204,20
1605017273.915892,19
1605017273.948419,19
1605017273.985495,19
1605017274.014012,19
1605017274.048544,19
1605017274.081976,19
1605017274.110593,19
1605017274.144256,20
1605017274.174053,19
1605017274.202465,20
1605017274.229281,18
1605017274.260231,15
1605017274.299048,13
1605017274.332493,12
1605017274.367106,8
1605017274.398029,8
1605017274.431706,8
1605017274.466880,9
1605017274.496745,9
1605017274.522956,10
1605017274.555875,11
1605017274.587210,10
1605017274.614850,11
1605017274.648827,10
1605017274.682533,11
1605017274.711141,12
1605017274.744069,11
1605017274.777284,13
1605017274.806977,13
1605017274.833714,12
1605017274.864698,13
1605017274.896141,13
1605017274.924648,13
1605017274.962208,13
1605017274.994279,13
1605017275.019247,14
1605017275.055621,14
1605017275.085663,14
1605017275.118853,16
1605017275.148196,16
1605017275.178281,15
1605017275.203360,17
1605017275.229088,16
1605017275.259437,16
1605017275.290103,16
1605017275.323298,16
1605017275.353215,18
1605017275.383806,16
1605017275.413259,18
1605017275.438954,18
1605017275.469896,17
1605017275.494760,18
1605017275.523884,17
1605017275.561137,17
1605017275.590236,17
1605017275.620091,17
1605017275.655003,17
1605017275.684434,18
1605017275.719485,19
1605017275.748848,19
1605017275.781051,19
1605017275.809135,19
1605017275.834799,19
1605017275.866662,20
1605017275.898858,19
1605017275.926901,19
1605017275.950547,19
1605017275.983724,20
1605017276.015736,20
1605017276.045930,20
1605017276.078524,19
1605017276.110013,19
1605017276.137742,19
1605017276.171890,19
1605017276.199129,20
1605017276.230949,20
1605017276.262812,17
1605017276.298760,14
1605017276.329491,13
1605017276.361304,11
1605017276.393360,9
1605017276.422071,8
1605017276.446757,10
1605017276.478860,9
1605017276.510077,9
1605017276.537948,10
1605017276.570820,11
1605017276.602315,11
1605017276.629134,11
1605017276.655438,10
1605017276.683786,12
1605017276.713517,11
1605017276.740927,12
1605017276.775573,11
1605017276.807311,12
1605017276.834795,12
1605017276.864812,12
1605017276.899060,12
1605017276.932702,13
1605017276.961435,13
1605017276.993959,13
1605017277.023077,13
1605017277.048471,13
1605017277.083178,14
1605017277.114786,15
1605017277.144024,16
1605017277.177195,16
1605017277.210191,17
1605017277.249324,16
1605017277.290580,16
1605017277.322145,16
1605017277.355239,17
1605017277.387956,16
1605017277.419232,17
1605017277.448797,16
1605017277.484649,17
1605017277.518891,18
1605017277.546869,18
1605017277.573981,17
1605017277.607178,17
1605017277.639697,18
1605017277.666156,17
1605017277.699063,18
1605017277.729818,18
1605017277.759033,18
1605017277.794104,19
1605017277.830031,18
1605017277.856663,18
1605017277.890662,19
1605017277.921116,20
1605017277.948089,19
1605017277.974701,20
1605017278.008371,19
1605017278.039182,20
1605017278.070287,19
1605017278.106187,20
1605017278.140099,19
1605017278.166450,19
1605017278.202219,20
1605017278.231284,19
1605017278.259651,19
1605017278.294523,15
1605017278.327522,13
1605017278.356197,12
1605017278.388088,10
1605017278.419203,9
1605017278.448272,8
1605017278.478405,9
1605017278.510399,10
1605017278.542206,10
1605017278.568456,10
1605017278.603102,10
1605017278.635267,10
1605017278.661875,11
1605017278.696492,11
1605017278.728122,12
1605017278.758387,11
1605017278.788002,11
1605017278.821620,12
1605017278.857159,12
1605017278.882370,12
1605017278.915432,12
1605017278.947544,13
1605017278.978909,14
1605017279.005399,13
1605017279.030721,13
1605017279.057938,15
1605017279.082263,15
1605017279.110167,16
1605017279.138240,15
1605017279.162966,16
1605017279.187951,16
1605017279.214487,16
1605017279.246327,16
1605017279.277863,15
1605017279.314654,15
1605017279.345481,15
1605017279.376180,17
1605017279.414235,16
1605017279.448830,16
1605017279.482670,17
1605017279.518250,16
1605017279.549714,18
1605017279.584563,18
1605017279.615397,17
1605017279.642219,17
1605017279.665605,17
1605017279.690506,18
1605017279.721666,19
1605017279.747986,18
1605017279.780184,19
1605017279.813985,18
1605017279.846090,18
1605017279.873552,19
1605017279.904163,20
1605017279.934275,19
1605017279.962626,20
1605017279.993270,19
1605017280.024156,19
1605017280.053398,19
1605017280.081750,19
1605017280.114642,20
1605017280.148758,20
1605017280.182902,19
1605017280.223457,19
1605017280.257953,19
1605017280.283885,17
1605017280.323200,15
1605017280.352150,14
1605017280.383082,12
1605017280.421966,8
1605017280.457569,9
1605017280.486637,9
1605017280.522089,9
1605017280.554457,10
1605017280.580949,10
1605017280.618748,10
1605017280.647151,11
1605017280.674651,12
1605017280.706744,12
1605017280.738427,12
1605017280.771536,11
1605017280.805522,12
1605017280.835999,13
1605017280.860149,13
1605017280.884992,13
1605017280.909857,14
1605017280.941379,14
1605017280.974357,13
1605017280.999338,13
1605017281.030448,14
1605017281.062864,14
1605017281.095120,14
1605017281.130368,16
1605017281.161330,15
1605017281.189555,15
1605017281.223657,17
1605017281.258760,15
1605017281.296923,16
1605017281.325211,15
1605017281.354189,17
1605017281.395071,16
1605017281.429482,16
1605017281.463968,16
1605017281.492607,16
1605017281.522854,18
1605017281.552655,17
1605017281.582563,17
1605017281.610132,18
1605017281.639282,17
1605017281.668431,18
1605017281.695042,18
1605017281.730188,18
1605017281.764110,18
1605017281.798409,18
1605017281.833524,18
1605017281.864562,20
1605017281.903660,19
1605017281.936868,20
1605017281.968907,20
1605017282.002362,19
1605017282.031680,20
1605017282.056971,19
1605017282.080521,20
1605017282.103996,20
1605017282.137051,20
1605017282.169017,19
1605017282.194755,19
1605017282.224020,19
1605017282.255331,19
1605017282.281211,17
1605017282.308662,15
1605017282.342166,13
1605017282.378006,11
1605017282.411756,8
1605017282.445253,10
1605017282.476527,9
1605017282.510040,9
1605017282.546308,10
1605017282.575062,10
1605017282.605985,11
1605017282.639453,10
1605017282.671578,12
1605017282.703779,11
1605017282.738595,11
1605017282.777104,14
1605017282.807772,13
1605017282.840919,13
1605017282.867648,13
1605017282.897518,14
1605017282.926047,13
1605017282.956070,13
1605017282.986227,13
1605017283.012941,13
1605017283.046811,14
1605017283.078070,14
1605017283.114191,14
1605017283.149494,16
1605017283.180089,17
1605017283.212736,16
1605017283.251456,16
1605017283.287553,15
1605017283.314793,16
1605017283.350436,17
1605017283.390606,17
1605017283.424158,17
1605017283.458050,16
1605017283.490112,16
1605017283.517690,17
1605017283.552420,18
1605017283.582676,17
1605017283.613919,17
1605017283.649054,17
1605017283.678996,19
1605017283.714426,19
1605017283.749614,19
1605017283.781155,18
1605017283.813988,18
1605017283.851319,19
1605017283.885773,19
1605017283.913761,20
1605017283.940616,19
1605017283.970166,19
1605017284.007160,19
1605017284.034843,20
1605017284.062384,20
1605017284.097990,19
1605017284.125330,20
1605017284.160465,19
1605017284.192577,20
1605017284.222509,19
1605017284.257179,17
1605017284.292244,14
1605017284.328755,12
1605017284.360555,11
1605017284.390889,9
1605017284.426025,9
1605017284.458154,10
1605017284.483575,9
1605017284.510830,9
1605017284.534874,10
1605017284.565984,10
1605017284.594776,10
1605017284.622241,10
1605017284.649657,10
1605017284.682166,12
1605017284.711928,11
1605017284.739424,12
1605017284.771909,11
1605017284.802788,12
1605017284.828760,12
1605017284.861253,13
1605017284.890189,13
1605017284.923115,13
1605017284.949755,14
1605017284.982293,14
1605017285.016941,13
1605017285.046060,14
1605017285.081255,14
1605017285.110604,15
1605017285.137839,15
1605017285.172674,15
1605017285.204362,16
1605017285.230794,17
1605017285.274102,15
1605017285.307254,16
1605017285.335454,16
1605017285.368879,16
1605017285.408290,17
1605017285.432818,17
1605017285.466011,17
1605017285.499165,16
1605017285.539854,18
1605017285.569014,17
1605017285.599118,17
1605017285.634084,17
1605017285.663942,17
1605017285.695961,18
1605017285.725208,19
1605017285.747378,19
1605017285.787522,19
1605017285.818496,18
1605017285.847889,18
1605017285.882096,19
1605017285.918333,19
1605017285.944571,20
1605017285.978759,19
1605017286.010651,19
1605017286.040325,20
1605017286.064587,20
1605017286.098345,20
1605017286.127066,20
1605017286.163019,19
1605017286.195405,19
1605017286.225759,20
1605017286.257875,19
1605017286.289768,17
1605017286.314647,15
1605017286.339800,13
1605017286.363228,13
1605017286.392087,10
1605017286.422778,8
1605017286.449053,10
1605017286.483106,10
1605017286.516287,9
1605017286.542539,10
1605017286.565925,10
1605017286.597548,11
1605017286.627503,11
1605017286.655474,11
1605017286.688507,11
1605017286.718146,12
1605017286.750679,11
1605017286.787613,12
1605017286.822123,12
1605017286.849699,12
1605017286.887974,13
1605017286.916457,13
1605017286.946921,13
1605017286.973534,14
1605017287.003712,13
1605017287.033935,14
1605017287.064025,15
1605017287.099260,15
1605017287.132379,14
1605017287.162199,15
1605017287.195830,15
1605017287.226115,15
1605017287.252069,16
1605017287.283445,15
1605017287.313410,16
1605017287.348106,17
1605017287.379313,17
1605017287.414731,16
1605017287.447156,16
1605017287.477325,17
1605017287.506217,17
1605017287.536076,17
1605017287.563456,18
1605017287.599075,17
1605017287.630136,18
1605017287.662320,17
1605017287.690265,18
1605017287.727763,19
1605017287.759994,19
1605017287.786456,18
1605017287.816045,19
1605017287.847664,18
1605017287.878062,19
1605017287.909719,19
1605017287.945477,19
1605017287.975154,20
1605017288.012228,20
1605017288.042094,20
1605017288.066767,20
1605017288.099617,20
1605017288.131386,19
1605017288.162711,20
1605017288.190349,19
1605017288.218215,19
1605017288.245331,18
1605017288.277520,16
1605017288.309879,14
1605017288.340633,13
1605017288.365560,12
1605017288.396121,9
1605017288.424591,9
1605017288.457309,9
1605017288.482832,10
1605017288.514397,9
1605017288.549164,10
1605017288.578055,10
1605017288.613925,10
1605017288.645226,11
1605017288.673960,12
1605017288.702435,11
1605017288.730108,12
1605017288.761696,12
1605017288.789730,12
1605017288.822443,13
1605017288.858090,13
1605017288.883468,12
1605017288.917944,13
1605017288.948764,13
1605017288.975063,13
1605017288.999413,13
1605017289.030166,14
1605017289.060739,14
1605017289.087798,14
1605017289.122402,14
1605017289.153952,14
1605017289.189878,16
1605017289.226022,15
1605017289.256139,15
1605017289.288719,15
1605017289.327231,16
1605017289.362087,16
1605017289.390612,17
1605017289.425471,16
1605017289.458033,17
1605017289.483984,16
1605017289.520384,17
1605017289.549994,17
1605017289.582166,17
1605017289.616069,18
1605017289.649073,17
1605017289.679078,19
1605017289.704779,19
1605017289.735202,18
1605017289.766623,18
1605017289.794592,19
1605017289.828516,18
1605017289.859326,20
1605017289.887723,19
1605017289.914683,19
1605017289.944549,19
1605017289.973391,19
1605017290.002349,19
1605017290.035249,20
1605017290.063781,19
1605017290.094563,19
1605017290.127707,19
1605017290.160415,19
1605017290.192407,19
1605017290.221616,20
1605017290.250890,17
1605017290.285939,16
1605017290.313641,13
1605017290.345181,11
1605017290.376452,10
1605017290.408054,10
1605017290.441037,9
1605017290.471519,9
1605017290.499097,9
1605017290.534781,10
1605017290.563006,10
1605017290.594369,10
1605017290.620254,10
1605017290.647900,11
1605017290.676149,11
1605017290.701835,11
1605017290.738714,11
1605017290.772080,12
1605017290.798474,12
1605017290.830731,12
1605017290.860828,13
1605017290.894359,14
1605017290.922287,13
1605017290.951826,13
1605017290.980709,14
1605017291.010011,13
1605017291.042890,14
1605017291.073057,14
1605017291.098874,14
1605017291.126868,15
1605017291.161489,14
1605017291.192726,15
1605017291.218872,15
1605017291.246848,16
1605017291.281241,16
1605017291.311357,18
1605017291.345512,17
1605017291.377350,18
1605017291.405684,16
1605017291.430880,16
1605017291.461884,16
1605017291.493812,18
1605017291.522672,18
1605017291.554633,17
1605017291.581953,17
1605017291.610955,18
1605017291.644404,19
1605017291.676644,19
1605017291.703472,18
1605017291.730970,19
1605017291.761346,18
1605017291.790860,18
1605017291.816376,18
1605017291.856720,19
1605017291.888515,19
1605017291.914026,19
1605017291.950559,20
1605017291.981415,20
1605017292.011874,19
1605017292.039109,20
1605017292.072650,20
1605017292.103461,20
1605017292.130909,19
1605017292.163636,19
1605017292.193598,19
1605017292.219649,18
1605017292.261318,16
1605017292.290596,15
1605017292.318934,12
1605017292.352189,10
1605017292.389605,8
1605017292.418836,10
1605017292.454228,10
1605017292.484761,10
1605017292.514711,11
1605017292.549182,10
1605017292.581241,10
1605017292.613621,12
1605017292.641902,11
1605017292.673138,12
1605017292.703789,11
1605017292.730722,11
1605017292.767344,13
1605017292.801396,12
1605017292.831143,13
1605017292.872337,13
1605017292.904997,13
1605017292.939669,13
1605017292.976741,14
1605017293.010395,14
1605017293.042952,14
1605017293.074334,15
1605017293.103800,15
1605017293.126966,15
1605017293.162681,16
1605017293.196799,16
1605017293.226080,16
1605017293.258264,15
1605017293.288944,15
1605017293.322109,17
1605017293.353280,16
1605017293.381327,16
1605017293.409988,16
1605017293.435033,17
1605017293.469098,17
1605017293.497961,17
1605017293.525675,18
1605017293.555457,17
1605017293.587414,17
1605017293.618281,17
1605017293.646746,19
1605017293.678374,18
1605017293.707122,18
1605017293.734829,19
1605017293.770659,18
1605017293.802418,18
1605017293.839106,19
1605017293.873652,20
1605017293.910712,19
1605017293.939027,19
1605017293.972886,19
1605017294.005447,19
1605017294.035792,19
1605017294.075099,19
1605017294.107879,20
1605017294.138440,19
1605017294.172914,19
1605017294.204167,19
1605017294.231285,17
1605017294.258798,16
1605017294.287435,13
1605017294.318756,11
1605017294.346331,10
1605017294.384508,10
1605017294.417125,9
1605017294.446945,9
1605017294.484015,9
1605017294.515399,10
1605017294.549015,10
1605017294.589087,11
1605017294.624606,11
1605017294.648787,11
1605017294.685692,11
1605017294.719013,11
1605017294.751218,12
1605017294.790761,13
1605017294.825859,12
1605017294.859343,13
1605017294.893033,13
1605017294.926791,13
1605017294.963691,13
1605017294.998888,14
1605017295.038618,14
1605017295.071260,14
1605017295.100650,15
1605017295.126764,15
1605017295.150338,15
1605017295.181459,16
1605017295.214051,15
1605017295.240336,15
1605017295.264627,15
1605017295.296139,17
1605017295.326327,17
1605017295.351514,16
1605017295.394669,16
1605017295.425932,16
1605017295.458147,16
1605017295.490842,16
1605017295.523799,17
1605017295.558285,17
1605017295.591244,17
1605017295.618098,18
1605017295.646771,18
1605017295.674168,16
1605017295.707578,17
1605017295.738265,17
1605017295.764149,17
1605017295.797821,18
1605017295.829415,18
1605017295.858822,18
1605017295.890851,19
1605017295.923732,19
1605017295.954748,19
1605017295.979453,18
1605017296.012059,18
1605017296.045380,17
1605017296.074455,18
1605017296.102996,18
1605017296.134122,19
1605017296.166945,19
1605017296.200966,18
1605017296.238172,19
1605017296.264782,19
1605017296.298958,19
1605017296.329686,19
1605017296.357981,18
1605017296.382824,19
1605017296.414103,19
1605017296.446749,19
1605017296.478078,19
1605017296.507832,19
1605017296.537765,20
1605017296.563251,18
1605017296.599177,18
1605017296.629073,18
1605017296.658515,19
1605017296.682386,20
1605017296.714701,20
1605017296.744979,18
1605017296.773942,20
1605017296.810353,18
1605017296.839115,16
1605017296.867506,15
1605017296.903409,12
1605017296.938091,10
1605017296.964796,9
1605017296.993512,9
1605017297.026111,10
1605017297.058311,9
1605017297.086852,9
1605017297.114844,10
1605017297.145706,10
1605017297.173995,11
1605017297.207722,9
1605017297.242857,11
1605017297.273266,11
1605017297.302930,12
1605017297.334552,10
1605017297.365458,10
1605017297.395463,10
1605017297.428461,10
1605017297.458495,11
1605017297.484742,11
1605017297.522933,11
1605017297.548756,12
1605017297.578057,11
1605017297.614656,12
1605017297.644670,12
1605017297.675340,13
1605017297.700824,12
1605017297.730189,12
1605017297.757987,12
1605017297.782881,11
1605017297.822100,12
1605017297.857887,13
1605017297.886075,14
1605017297.921056,13
1605017297.959437,13
1605017297.986799,13
1605017298.021303,13
1605017298.058313,12
1605017298.088534,14
1605017298.118367,15
1605017298.147487,15
1605017298.182702,14
1605017298.222772,18
1605017298.257035,18
1605017298.281898,19
1605017298.317542,16
1605017298.352964,20
1605017298.382278,19
1605017298.421221,16
1605017298.452331,15
1605017298.487778,12
1605017298.523361,10
1605017298.557531,9
1605017298.582859,10
1605017298.612384,10
1605017298.644901,10
1605017298.674079,11
1605017298.706293,11
1605017298.738024,13
1605017298.776442,13
1605017298.811610,14
1605017298.847453,14
1605017298.881989,14
1605017298.924356,15
1605017298.963414,16
1605017298.995730,15
1605017299.030956,16
1605017299.062323,15
1605017299.090087,17
1605017299.124595,17
1605017299.157996,17
1605017299.189977,18
1605017299.219090,18
1605017299.259286,17
1605017299.290478,18
1605017299.324944,19
1605017299.360875,17
1605017299.393175,18
1605017299.431221,19
1605017299.471139,19
1605017299.508308,19
1605017299.544612,19
1605017299.582083,18
1605017299.618338,18
1605017299.658403,19
1605017299.686879,16
1605017299.713443,16
1605017299.742697,17
1605017299.777049,17
1605017299.802413,14
1605017299.836856,16
1605017299.870702,16
1605017299.905683,16
1605017299.939056,16
1605017299.970333,17
1605017299.999121,17
1605017300.038293,16
1605017300.070249,16
1605017300.108708,18
1605017300.149317,17
1605017300.189404,18
1605017300.222380,18
1605017300.255287,16
1605017300.289161,18
1605017300.319143,18
1605017300.354354,18
1605017300.398118,20
1605017300.435308,17
1605017300.475267,18
1605017300.510986,20
1605017300.544327,17
1605017300.573808,18
1605017300.611639,19
1605017300.643516,17
1605017300.678346,17
1605017300.713579,16
1605017300.755592,13
1605017300.794007,9
1605017300.829326,7
1605017300.863753,4
1605017300.894213,5
1605017300.925189,5
1605017300.956771,6
1605017300.981773,6
1605017301.006818,5
1605017301.031080,6
1605017301.060394,5
1605017301.093152,6
1605017301.122088,6
1605017301.157529,8
1605017301.189800,8
1605017301.214791,7
1605017301.254493,9
1605017301.350301,9
1605017301.386375,8
1605017301.415200,8
1605017301.450033,7
1605017301.481522,8
1605017301.511544,9
1605017301.538828,9
1605017301.568381,10
1605017301.599357,8
1605017301.625906,8
1605017301.661041,8
1605017301.689413,10
1605017301.726283,11
1605017301.751351,10
1605017301.779210,10
1605017301.806679,11
1605017301.833507,10
1605017301.863800,10
1605017301.895540,11
1605017301.923590,12
1605017301.955878,12
1605017301.980653,10
1605017302.012173,11
1605017302.038320,11
1605017302.069064,12
1605017302.098440,10
1605017302.125698,11
1605017302.162741,11
1605017302.194815,11
1605017302.223232,11
1605017302.255155,11
1605017302.285628,12
1605017302.324066,12
1605017302.355122,11
1605017302.381058,12
1605017302.408704,14
1605017302.431710,13
1605017302.464622,12
1605017302.497133,13
1605017302.526013,13
1605017302.558206,13
1605017302.589719,14
1605017302.622703,14
1605017302.647560,14
1605017302.678771,13
1605017302.707013,14
1605017302.733034,14
1605017302.771838,14
1605017302.804803,13
1605017302.829722,14
1605017302.862813,14
1605017302.891833,15
1605017302.929944,14
1605017302.958223,15
1605017302.986254,16
1605017303.013834,15
1605017303.037417,16
1605017303.068019,16
1605017303.091462,15
1605017303.122262,15
1605017303.149187,14
1605017303.180966,14
1605017303.208453,14
1605017303.234010,15
1605017303.265617,16
1605017303.296560,15
1605017303.327646,17
1605017303.353158,15
1605017303.382767,16
1605017303.412029,16
1605017303.439883,17
1605017303.470494,15
1605017303.502676,15
1605017303.538121,17
1605017303.563151,16
1605017303.594134,17
1605017303.618128,18
1605017303.642498,17
1605017303.675403,17
1605017303.706831,17
1605017303.731781,18
1605017303.758044,16
1605017303.786812,17
1605017303.815397,17
1605017303.846399,17
1605017303.898655,18
1605017303.928332,19
1605017303.961336,19
1605017303.990758,20
1605017304.021438,18
1605017304.050486,17
1605017304.081441,17
1605017304.110494,17
1605017304.136566,18
1605017304.161781,16
1605017304.186359,14
1605017304.210522,13
1605017304.236812,11
1605017304.259700,10
1605017304.283544,8
1605017304.308950,7
1605017304.333358,8
1605017304.358718,8
1605017304.385179,8
1605017304.411176,10
1605017304.437366,9
1605017304.464168,8
1605017304.489620,9
1605017304.515545,10
1605017304.541451,9
1605017304.566154,9
1605017304.592906,8
1605017304.617658,10
1605017304.642724,9
1605017304.674504,9
1605017304.698699,10
1605017304.726928,10
1605017304.750742,10
1605017304.775641,11
1605017304.800137,10
1605017304.824471,11
1605017304.849095,10
1605017304.874474,11
1605017304.899531,10
1605017304.926665,11
1605017304.953185,10
1605017304.977219,13
1605017305.000939,14
1605017305.025459,13
1605017305.049383,13
1605017305.074768,13
1605017305.099161,15
1605017305.123926,16
1605017305.147407,17
1605017305.171407,15
1605017305.194750,16
1605017305.241347,12
1605017305.268327,12
1605017305.296645,11
1605017305.324605,11
1605017305.353830,13
1605017305.389089,14
1605017305.418788,14
1605017305.455502,14
1605017305.486091,13
1605017305.513813,13
1605017305.544125,13
1605017305.579220,13
1605017305.610132,13
1605017305.646070,15
1605017305.671799,15
1605017305.698306,14
1605017305.724794,14
1605017305.750177,13
1605017305.774566,14
1605017305.798028,13
1605017305.829118,15
1605017305.855088,15
1605017305.878956,14
1605017305.902404,15
1605017305.925220,15
1605017305.948674,16
1605017305.974473,14
1605017305.998026,15
1605017306.022431,14
1605017306.047182,15
1605017306.070019,16
1605017306.094657,16
1605017306.118664,15
1605017306.141458,17
1605017306.164887,16
1605017306.188709,14
1605017306.211170,15
1605017306.233572,16
1605017306.257611,17
1605017306.280058,17
1605017306.304888,18
1605017306.329468,16
1605017306.352764,18
1605017306.378742,16
1605017306.401987,17
1605017306.430780,15
1605017306.456700,16
1605017306.482013,15
1605017306.506520,16
1605017306.531240,17
1605017306.555303,17
1605017306.578708,18
1605017306.602643,17
1605017306.625973,16
1605017306.649941,17
1605017306.672382,16
1605017306.694618,17
1605017306.718323,16
1605017306.742689,17
1605017306.766535,17
1605017306.790369,18
1605017306.814952,16
1605017306.840175,17
1605017306.891088,20
1605017306.920481,20
1605017306.945527,18
1605017306.968375,19
1605017306.990565,19
1605017307.024413,18
1605017307.049286,18
1605017307.082750,17
1605017307.110317,16
1605017307.137509,15
1605017307.162781,13
1605017307.189855,11
1605017307.219648,10
1605017307.245319,7
1605017307.279439,8
1605017307.311600,8
1605017307.339430,9
1605017307.372808,10
1605017307.406675,8
1605017307.438544,9
1605017307.465725,10
1605017307.496692,10
1605017307.530306,9
1605017307.558765,11
1605017307.587090,10
1605017307.616257,11
1605017307.645939,12
1605017307.682068,11
1605017307.722239,11
1605017307.749246,10
1605017307.787074,9
1605017307.818165,12
1605017307.845038,10
1605017307.885021,11
1605017307.917806,12
1605017307.947361,12
1605017307.983868,11
1605017308.014985,11
1605017308.042892,13
1605017308.071711,12
1605017308.102796,11
1605017308.134889,11
1605017308.164176,12
1605017308.196608,12
1605017308.224696,12
1605017308.258902,12
1605017308.298432,12
1605017308.330824,12
1605017308.358747,13
1605017308.394485,13
1605017308.426302,13
1605017308.451666,13
1605017308.486623,13
1605017308.518545,13
1605017308.546833,14
1605017308.579995,15
1605017308.612752,15
1605017308.645025,17
1605017308.673871,18
1605017308.703916,16
1605017308.734305,15
1605017308.762444,15
1605017308.805454,18
1605017308.838754,17
1605017308.869776,18
1605017308.904658,17
1605017308.936631,14
1605017308.962866,14
1605017309.000640,14
1605017309.031199,14
1605017309.058879,17
1605017309.091668,18
1605017309.123663,19
1605017309.148873,19
1605017309.175378,17
1605017309.203644,16
1605017309.234542,15
1605017309.262865,16
1605017309.298306,17
1605017309.332491,16
1605017309.357891,15
1605017309.387965,13
1605017309.426381,10
1605017309.455002,8
1605017309.482887,6
1605017309.512647,8
1605017309.546041,7
1605017309.573601,7
1605017309.608216,8
1605017309.639907,8
1605017309.664962,9
1605017309.699826,8
1605017309.731378,9
1605017309.761632,11
1605017309.798032,9
1605017309.834542,9
1605017309.863948,9
1605017309.896631,9
1605017309.929773,10
1605017309.961957,10
1605017309.989924,10
1605017310.021605,10
1605017310.051600,11
1605017310.081095,10
1605017310.113174,9
1605017310.145119,9
1605017310.174601,10
1605017310.209399,10
1605017310.242112,10
1605017310.266429,12
1605017310.293759,10
1605017310.324042,10
1605017310.354228,11
1605017310.385426,11
1605017310.417321,11
1605017310.446827,12
1605017310.476936,12
1605017310.510464,12
1605017310.542217,12
