1605017892.757206,0
1605017892.785833,0
1605017892.808278,0
1605017892.825784,0
1605017892.845333,0
1605017892.870295,0
1605017892.893781,0
1605017892.911833,0
1605017892.930597,0
1605017892.947695,0
1605017892.969872,0
1605017892.994376,0
1605017893.012368,0
1605017893.031938,0
1605017893.051698,0
1605017893.081488,0
1605017893.105895,0
1605017893.123921,0
1605017893.143159,0
1605017893.169327,0
1605017893.192739,0
1605017893.210828,0
1605017893.236586,0
1605017893.255186,0
1605017893.279504,0
1605017893.308480,0
1605017893.326519,0
1605017893.347869,0
1605017893.366899,0
1605017893.400586,0
1605017893.422625,0
1605017893.441504,0
1605017893.459352,0
1605017893.489424,0
1605017893.507070,0
1605017893.529134,0
1605017893.546230,0
1605017893.563490,0
1605017893.584109,0
1605017893.603657,0
1605017893.623453,0
1605017893.640906,0
1605017893.658418,0
1605017893.681980,0
1605017893.705457,0
1605017893.723742,0
1605017893.740832,0
1605017893.757506,0
1605017893.781474,0
1605017893.808180,0
1605017893.835058,0
1605017893.856803,0
1605017893.881875,0
1605017893.906543,0
1605017893.924020,0
1605017893.942008,0
1605017893.959515,0
1605017893.985275,0
1605017894.007160,0
1605017894.025075,0
1605017894.043445,0
1605017894.061022,0
1605017894.086346,0
1605017894.107757,0
1605017894.125471,0
1605017894.143866,0
1605017894.161510,0
1605017894.186588,0
1605017894.209002,0
1605017894.226808,0
1605017894.244364,0
1605017894.261948,0
1605017894.287050,0
1605017894.314698,0
1605017894.335689,0
1605017894.356290,0
1605017894.373978,0
1605017894.403544,0
1605017894.432131,0
1605017894.450254,0
1605017894.468827,0
1605017894.500947,0
1605017894.519523,0
1605017894.539775,0
1605017894.557343,0
1605017894.585621,0
1605017894.610223,0
1605017894.629186,0
1605017894.648369,0
1605017894.666845,0
1605017894.690539,0
1605017894.712595,0
1605017894.732559,0
1605017894.751588,0
1605017894.769489,0
1605017894.792328,0
1605017894.814871,0
1605017894.833740,0
1605017894.851346,0
1605017894.869793,0
1605017894.892815,0
1605017894.916795,0
1605017894.935285,0
1605017894.955046,0
1605017894.971851,0
1605017894.997466,0
1605017895.017188,0
1605017895.040888,0
1605017895.060814,0
1605017895.079665,0
1605017895.110431,0
1605017895.129232,0
1605017895.148401,0
1605017895.166639,0
1605017895.193626,0
1605017895.216565,0
1605017895.235412,0
1605017895.254595,0
1605017895.273089,0
1605017895.297147,0
1605017895.323014,0
1605017895.342180,0
1605017895.360909,0
1605017895.378220,0
1605017895.405423,0
1605017895.427351,0
1605017895.448518,0
1605017895.467184,0
1605017895.493199,0
1605017895.522104,0
1605017895.540430,0
1605017895.558509,0
1605017895.576075,0
1605017895.599196,0
1605017895.622037,0
1605017895.643489,0
1605017895.661345,0
1605017895.680877,0
1605017895.703615,0
1605017895.724028,0
1605017895.741497,0
1605017895.760409,0
1605017895.783711,0
1605017895.812919,0
1605017895.831765,0
1605017895.850956,0
1605017895.870273,0
1605017895.889885,0
1605017895.917698,0
1605017895.938543,0
1605017895.956354,0
1605017895.985522,0
1605017896.017804,0
1605017896.035857,0
1605017896.058613,0
1605017896.078213,0
1605017896.103890,0
1605017896.126189,0
1605017896.149615,0
1605017896.170833,0
1605017896.201372,0
1605017896.226198,0
1605017896.251697,0
1605017896.272653,0
1605017896.294068,0
1605017896.322017,0
1605017896.344094,0
1605017896.362478,0
1605017896.383756,0
1605017896.409769,0
1605017896.433202,0
1605017896.454865,0
1605017896.474057,0
1605017896.501035,0
1605017896.525740,0
1605017896.545790,0
1605017896.566495,0
1605017896.583790,0
1605017896.609887,0
1605017896.632343,0
1605017896.651385,0
1605017896.670363,0
1605017896.688433,0
1605017896.711209,0
1605017896.732330,0
1605017896.752026,0
1605017896.771028,0
1605017896.788620,0
1605017896.812447,0
1605017896.836167,0
1605017896.855427,0
1605017896.873862,0
1605017896.894481,0
1605017896.929086,0
1605017896.948994,0
1605017896.967618,0
1605017896.987484,0
1605017897.009248,0
1605017897.035378,0
1605017897.054714,0
1605017897.072570,0
1605017897.091888,0
1605017897.117061,0
1605017897.142540,0
1605017897.161666,0
1605017897.181834,0
1605017897.200151,0
1605017897.234557,0
1605017897.255414,0
1605017897.273038,0
1605017897.295036,0
1605017897.324223,0
1605017897.344803,0
1605017897.365748,0
1605017897.383863,0
1605017897.402322,0
1605017897.429880,0
1605017897.456013,0
1605017897.474893,0
1605017897.493978,0
1605017897.520871,0
1605017897.544681,0
1605017897.563925,0
1605017897.588300,0
1605017897.606385,0
1605017897.636928,0
1605017897.656205,0
1605017897.678158,0
1605017897.698021,0
1605017897.726419,0
1605017897.750373,0
1605017897.771542,0
1605017897.799658,0
1605017897.826527,0
1605017897.855053,0
1605017897.877604,0
1605017897.899875,0
1605017897.929618,0
1605017897.957701,0
1605017897.977275,0
1605017898.001471,0
1605017898.028258,0
1605017898.057131,0
1605017898.076903,0
1605017898.097262,0
1605017898.123153,0
1605017898.148978,0
1605017898.170365,0
1605017898.189195,0
1605017898.207431,0
1605017898.231069,0
1605017898.251856,0
1605017898.272104,0
1605017898.293375,0
1605017898.312362,0
1605017898.346204,0
1605017898.369669,0
1605017898.388890,0
1605017898.407403,0
1605017898.432533,0
1605017898.456271,0
1605017898.475179,0
1605017898.495982,0
1605017898.515938,0
1605017898.535553,0
1605017898.555422,0
1605017898.574452,0
1605017898.593510,0
1605017898.612510,0
1605017898.639259,0
1605017898.663741,0
1605017898.685034,0
1605017898.704395,0
1605017898.729347,0
1605017898.757864,0
1605017898.788193,0
1605017898.817334,0
1605017898.846766,0
1605017898.877369,0
1605017898.905563,0
1605017898.941021,0
1605017898.969593,0
1605017898.989330,0
1605017899.009661,0
1605017899.036358,0
1605017899.062569,0
1605017899.082535,0
1605017899.106694,0
1605017899.133765,0
1605017899.162755,0
1605017899.182432,0
1605017899.201769,0
1605017899.220511,0
1605017899.249613,0
1605017899.270562,0
1605017899.294522,0
1605017899.315882,0
1605017899.340776,0
1605017899.366903,0
1605017899.388570,0
1605017899.409678,0
1605017899.437033,0
1605017899.464288,0
1605017899.484867,0
1605017899.503548,0
1605017899.524582,0
1605017899.557676,0
1605017899.576455,0
1605017899.597910,0
1605017899.617616,0
1605017899.643241,0
1605017899.667719,0
1605017899.687124,0
1605017899.705535,0
1605017899.723989,0
1605017899.747238,0
1605017899.765804,0
1605017899.788434,0
1605017899.806669,0
1605017899.825192,0
1605017899.857119,0
1605017899.885960,0
1605017899.904513,0
1605017899.923053,0
1605017899.947845,0
1605017899.972115,0
1605017899.991249,0
1605017900.041574,0
1605017900.066744,0
1605017900.091258,0
1605017900.123935,0
1605017900.158200,0
1605017900.187589,0
1605017900.213139,0
1605017900.241183,0
1605017900.270395,0
1605017900.304103,0
1605017900.339776,0
1605017900.375165,0
1605017900.404337,0
1605017900.440286,0
1605017900.471938,0
1605017900.501703,0
1605017900.522262,0
1605017900.542723,0
1605017900.563286,0
1605017900.585141,0
1605017900.605793,0
1605017900.630368,0
1605017900.656013,0
1605017900.685932,0
1605017900.705157,0
1605017900.723709,0
1605017900.745749,0
1605017900.774453,0
1605017900.794572,0
1605017900.816112,0
1605017900.835989,0
1605017900.861623,0
1605017900.882051,0
1605017900.901426,0
1605017900.921357,0
1605017900.941499,0
1605017900.970805,0
1605017900.990849,0
1605017901.011920,0
1605017901.031913,0
1605017901.057535,0
1605017901.082283,0
1605017901.103904,0
1605017901.122308,0
1605017901.142518,0
1605017901.174774,0
1605017901.193611,0
1605017901.222340,0
1605017901.241454,0
1605017901.277232,0
1605017901.301785,0
1605017901.321405,0
1605017901.341537,0
1605017901.369020,0
1605017901.390507,0
1605017901.411112,0
1605017901.432357,0
1605017901.461926,0
1605017901.486471,0
1605017901.505099,0
1605017901.525325,0
1605017901.544561,0
1605017901.568415,0
1605017901.587961,0
1605017901.606920,0
1605017901.626507,0
1605017901.644948,0
1605017901.669760,0
1605017901.689667,0
1605017901.709334,0
1605017901.728296,0
1605017901.746179,0
1605017901.769932,0
1605017901.790946,0
1605017901.810819,0
1605017901.833095,0
1605017901.854794,0
1605017901.881628,0
1605017901.902953,0
1605017901.922213,0
1605017901.944205,0
1605017901.972932,0
1605017901.994827,0
1605017902.014853,0
1605017902.033823,0
1605017902.053452,0
1605017902.085619,0
1605017902.104620,0
1605017902.123583,0
1605017902.145650,0
1605017902.179420,0
1605017902.197633,0
1605017902.216608,0
1605017902.235099,0
1605017902.252444,0
1605017902.279089,0
1605017902.302150,0
1605017902.321285,0
1605017902.341458,0
1605017902.370036,0
1605017902.395648,0
1605017902.428292,0
1605017902.448199,0
1605017902.474608,0
1605017902.502419,0
1605017902.521174,0
1605017902.540957,0
1605017902.560996,0
1605017902.586850,0
1605017902.607259,0
1605017902.627423,0
1605017902.646588,0
1605017902.673720,0
1605017902.697997,0
1605017902.719051,0
1605017902.737478,0
1605017902.754935,0
1605017902.780134,0
1605017902.802220,0
1605017902.820754,0
1605017902.841575,0
1605017902.862565,0
1605017902.894134,0
1605017902.914338,1
1605017902.934578,0
1605017902.952076,0
1605017902.977056,0
1605017902.998912,0
1605017903.028069,0
1605017903.047800,0
1605017903.077832,0
1605017903.104552,0
1605017903.124303,0
1605017903.145375,0
1605017903.169191,0
1605017903.197090,0
1605017903.218103,0
1605017903.238276,0
1605017903.256534,0
1605017903.283732,0
1605017903.305790,0
1605017903.325115,0
1605017903.346748,0
1605017903.368405,0
1605017903.399179,0
1605017903.419642,0
1605017903.438085,0
1605017903.457745,0
1605017903.485407,0
1605017903.511825,0
1605017903.532861,0
1605017903.552459,0
1605017903.585349,0
1605017903.611730,0
1605017903.630766,0
1605017903.655470,0
1605017903.685566,0
1605017903.712114,0
1605017903.733107,0
1605017903.752073,0
1605017903.775738,0
1605017903.802413,0
1605017903.822362,0
1605017903.841002,0
1605017903.869822,0
1605017903.900912,0
1605017903.919946,0
1605017903.938427,0
1605017903.958057,0
1605017903.986314,0
1605017904.009250,0
1605017904.029413,0
1605017904.048186,0
1605017904.066507,0
1605017904.094040,0
1605017904.112375,0
1605017904.131322,0
1605017904.149558,0
1605017904.167172,0
1605017904.192005,0
1605017904.210852,0
1605017904.230371,0
1605017904.250256,0
1605017904.268178,0
1605017904.301173,0
1605017904.322151,0
1605017904.341958,0
1605017904.362900,0
1605017904.390755,0
1605017904.416800,0
1605017904.445998,0
1605017904.467658,0
1605017904.493300,0
1605017904.518842,0
1605017904.537865,0
1605017904.557976,0
1605017904.581057,0
1605017904.610986,0
1605017904.630369,0
1605017904.650846,0
1605017904.670295,0
1605017904.703330,0
1605017904.721899,0
1605017904.740537,0
1605017904.761649,0
1605017904.790213,0
1605017904.815341,0
1605017904.834555,0
1605017904.852235,0
1605017904.870988,0
1605017904.893781,0
1605017904.917464,0
1605017904.936331,0
1605017904.955811,0
1605017904.975735,0
1605017904.998916,0
1605017905.017883,0
1605017905.045653,0
1605017905.068091,0
1605017905.097197,0
1605017905.123400,0
1605017905.144944,0
1605017905.164541,0
1605017905.185145,0
1605017905.215164,0
1605017905.241142,0
1605017905.263377,0
1605017905.296493,0
1605017905.322852,0
1605017905.343335,0
1605017905.364939,0
1605017905.387175,0
1605017905.417979,0
1605017905.437372,0
1605017905.459223,0
1605017905.479181,0
1605017905.507285,0
1605017905.526876,0
1605017905.546618,0
1605017905.567467,0
1605017905.597943,0
1605017905.624842,0
1605017905.644920,0
1605017905.663488,0
1605017905.684805,0
1605017905.714994,0
1605017905.734733,0
1605017905.754363,0
1605017905.773708,0
1605017905.802380,0
1605017905.824914,0
1605017905.845859,0
1605017905.867607,0
1605017905.887490,0
1605017905.916503,0
1605017905.934620,0
1605017905.953292,0
1605017905.972705,0
1605017905.992245,0
1605017906.021123,0
1605017906.040153,0
1605017906.061304,0
1605017906.080389,0
1605017906.104489,0
1605017906.129459,0
1605017906.151641,0
1605017906.170160,0
1605017906.188993,0
1605017906.210226,0
1605017906.234020,0
1605017906.254913,0
1605017906.274836,0
1605017906.295953,0
1605017906.325946,0
1605017906.347492,0
1605017906.367464,0
1605017906.385557,0
1605017906.411246,0
1605017906.442963,0
1605017906.461950,0
1605017906.480605,0
1605017906.499928,0
1605017906.525404,0
1605017906.544918,0
1605017906.565068,0
1605017906.583095,0
1605017906.608958,0
1605017906.634886,0
1605017906.653486,0
1605017906.672542,0
1605017906.694512,0
1605017906.727487,0
1605017906.748501,0
1605017906.767165,0
1605017906.785556,0
1605017906.813377,0
1605017906.840345,0
1605017906.859785,0
1605017906.877820,0
1605017906.895930,0
1605017906.924677,0
1605017906.954085,0
1605017906.973970,0
1605017906.994772,0
1605017907.020248,0
1605017907.043673,0
1605017907.064905,0
1605017907.087212,0
1605017907.114560,0
1605017907.139897,0
1605017907.159932,0
1605017907.180362,0
1605017907.199304,0
1605017907.229426,0
1605017907.251007,0
1605017907.278311,0
1605017907.300460,0
1605017907.337444,0
1605017907.356605,0
1605017907.377783,0
1605017907.408873,0
1605017907.435773,0
1605017907.455887,0
1605017907.479834,0
1605017907.500028,0
1605017907.524953,0
1605017907.549008,0
1605017907.567446,0
1605017907.585849,0
1605017907.605057,0
1605017907.632738,0
1605017907.651939,0
1605017907.671953,0
1605017907.691956,0
1605017907.712445,0
1605017907.740117,0
1605017907.760541,0
1605017907.783865,0
1605017907.802105,0
1605017907.826188,0
1605017907.851024,0
1605017907.871120,0
1605017907.891274,0
1605017907.910465,0
1605017907.937277,0
1605017907.960311,0
1605017907.984200,0
1605017908.002495,0
1605017908.027901,0
1605017908.053120,0
1605017908.072508,0
1605017908.094104,0
1605017908.112561,0
1605017908.132504,0
1605017908.152740,0
1605017908.171610,0
1605017908.193905,0
1605017908.218990,0
1605017908.245633,0
1605017908.265243,0
1605017908.285147,0
1605017908.304730,0
1605017908.331913,0
1605017908.356800,0
1605017908.378478,0
1605017908.398723,0
1605017908.416989,0
1605017908.445025,0
1605017908.465427,0
1605017908.483373,0
1605017908.502721,0
1605017908.532038,0
1605017908.557643,0
1605017908.585527,0
1605017908.605397,0
1605017908.634151,0
1605017908.659053,0
1605017908.678669,0
1605017908.698983,0
1605017908.717083,0
1605017908.738515,0
1605017908.757316,0
1605017908.778178,0
1605017908.798426,0
1605017908.816080,0
1605017908.845559,0
1605017908.864601,0
1605017908.883278,0
1605017908.901652,0
1605017908.919238,0
1605017908.940950,0
1605017908.960277,0
1605017908.979837,0
1605017908.998564,0
1605017909.016080,0
1605017909.038601,0
1605017909.060461,0
1605017909.080430,0
1605017909.100413,0
1605017909.122193,0
1605017909.152935,0
1605017909.179075,0
1605017909.199849,0
1605017909.218942,0
1605017909.244394,0
1605017909.265772,0
1605017909.287213,0
1605017909.310813,0
1605017909.337926,0
1605017909.366176,0
1605017909.387284,0
1605017909.408844,0
1605017909.430289,0
1605017909.458493,0
1605017909.478904,0
1605017909.498247,0
1605017909.518176,0
1605017909.561298,5
1605017909.589193,3
1605017909.615269,8
1605017909.640612,8
1605017909.669993,9
1605017909.693368,12
1605017909.713419,13
1605017909.733303,13
1605017909.760978,16
1605017909.781685,16
1605017909.802266,19
1605017909.823363,20
1605017909.853045,20
1605017909.878758,19
1605017909.898587,20
1605017909.918298,20
1605017909.937827,20
1605017909.968230,20
1605017909.989100,19
1605017910.010586,20
1605017910.033153,20
1605017910.070347,19
1605017910.092109,20
1605017910.123646,19
1605017910.148161,20
1605017910.181627,20
1605017910.202652,19
1605017910.222054,20
1605017910.244592,20
1605017910.276639,20
1605017910.299627,19
1605017910.319929,20
1605017910.344244,19
1605017910.373662,20
1605017910.395822,19
1605017910.416453,20
1605017910.437862,20
1605017910.464360,20
1605017910.487184,20
1605017910.509434,19
1605017910.531460,18
1605017910.552115,19
1605017910.580556,19
1605017910.601637,19
1605017910.621575,18
1605017910.643664,18
1605017910.675363,18
1605017910.696549,19
1605017910.726417,19
1605017910.749310,19
1605017910.783560,19
1605017910.808291,19
1605017910.830717,19
1605017910.849555,20
1605017910.880318,19
1605017910.901070,20
1605017910.922291,20
1605017910.944397,19
1605017910.974683,20
1605017910.994998,20
1605017911.015360,19
1605017911.036039,20
1605017911.057299,19
1605017911.085753,20
1605017911.107289,19
1605017911.127322,20
1605017911.148975,20
1605017911.177486,19
1605017911.199673,20
1605017911.220060,19
1605017911.241544,19
1605017911.270142,20
1605017911.298070,20
1605017911.328821,20
1605017911.354275,19
1605017911.389894,19
1605017911.413586,19
1605017911.434066,20
1605017911.454328,19
1605017911.485787,19
1605017911.506169,20
1605017911.526988,19
1605017911.547932,19
1605017911.573247,19
1605017911.600448,20
1605017911.620635,19
1605017911.642435,20
1605017911.663610,19
1605017911.690094,20
1605017911.712287,19
1605017911.732085,20
1605017911.751415,19
1605017911.776288,19
1605017911.802086,19
1605017911.823816,19
1605017911.843882,20
1605017911.865872,19
1605017911.893985,20
1605017911.914984,20
1605017911.936385,19
1605017911.959987,19
1605017911.989936,19
1605017912.010158,19
1605017912.030821,20
1605017912.052820,20
1605017912.080541,20
1605017912.106761,19
1605017912.129237,20
1605017912.148688,19
1605017912.169335,20
1605017912.195859,19
1605017912.215795,18
1605017912.236927,19
1605017912.257179,19
1605017912.282168,19
1605017912.311208,16
1605017912.332534,15
1605017912.356652,16
1605017912.388321,18
1605017912.416607,19
1605017912.437817,18
1605017912.462291,18
1605017912.489364,18
1605017912.524436,19
1605017912.549814,18
1605017912.575161,18
1605017912.604693,17
1605017912.628005,15
1605017912.651759,14
1605017912.672485,12
1605017912.707468,10
1605017912.737287,9
1605017912.764330,10
1605017912.797843,10
1605017912.828656,10
1605017912.852936,10
1605017912.885343,9
1605017912.916179,9
1605017912.941040,10
1605017912.964975,9
1605017912.997468,9
1605017913.029027,9
1605017913.050533,10
1605017913.075227,9
1605017913.113704,10
1605017913.142309,9
1605017913.166846,11
1605017913.204282,10
1605017913.232086,11
1605017913.254027,10
1605017913.288894,10
1605017913.317099,10
1605017913.343805,11
1605017913.364979,10
1605017913.394627,11
1605017913.422925,11
1605017913.449116,10
1605017913.471369,11
1605017913.497701,10
1605017913.523629,11
1605017913.545064,10
1605017913.565226,11
1605017913.598290,11
1605017913.626988,10
1605017913.649253,11
1605017913.670439,11
1605017913.728567,12
1605017913.773953,12
1605017913.804605,11
1605017913.841355,13
1605017913.874108,13
1605017913.901456,11
1605017913.924515,12
1605017913.950554,12
1605017913.977131,12
1605017914.003076,13
1605017914.029403,12
1605017914.051457,13
1605017914.070920,13
1605017914.090355,13
1605017914.110138,12
1605017914.129099,13
1605017914.148052,13
1605017914.166565,13
1605017914.185132,13
1605017914.204828,13
1605017914.223541,11
1605017914.242488,12
1605017914.263547,12
1605017914.283064,12
1605017914.303519,11
1605017914.335379,12
1605017914.361200,12
1605017914.384894,11
1605017914.405220,12
1605017914.428753,12
1605017914.448802,11
1605017914.467674,11
1605017914.486362,12
1605017914.507643,12
1605017914.529900,11
1605017914.550586,12
1605017914.569227,12
1605017914.587590,12
1605017914.606355,12
1605017914.626116,11
1605017914.644946,11
1605017914.662886,12
1605017914.681184,12
1605017914.699095,12
1605017914.718104,12
1605017914.736345,12
1605017914.754366,12
1605017914.772794,11
1605017914.791373,11
1605017914.810017,12
1605017914.827684,12
1605017914.846107,14
1605017914.863720,14
1605017914.882153,15
1605017914.900014,14
1605017914.918995,14
1605017914.940032,16
1605017914.960065,16
1605017914.978871,16
1605017914.997845,15
1605017915.015736,15
1605017915.033837,15
1605017915.052294,15
1605017915.070466,16
1605017915.089015,16
1605017915.106932,16
1605017915.125254,16
1605017915.145263,15
1605017915.163182,14
1605017915.182336,15
1605017915.200641,15
1605017915.219007,16
1605017915.236844,16
1605017915.255893,16
1605017915.277670,13
1605017915.301100,16
1605017915.319521,16
1605017915.339964,16
1605017915.363399,16
1605017915.382676,16
1605017915.400974,16
1605017915.419915,16
1605017915.440765,14
1605017915.462286,15
1605017915.481393,15
1605017915.499912,15
1605017915.518317,14
1605017915.538059,13
1605017915.556944,13
1605017915.575393,14
1605017915.592924,14
1605017915.609784,14
1605017915.626705,14
1605017915.643449,14
1605017915.660235,14
1605017915.677813,14
1605017915.694728,14
1605017915.712050,14
1605017915.729873,14
1605017915.747042,14
1605017915.763988,14
1605017915.782056,13
1605017915.798878,13
1605017915.815705,13
1605017915.832891,13
1605017915.849998,14
1605017915.866646,15
1605017915.883391,15
1605017915.903737,15
1605017915.929351,14
1605017915.947463,16
1605017915.964880,15
1605017915.982139,15
1605017915.998937,15
1605017916.015535,15
1605017916.032302,15
1605017916.050260,15
1605017916.066881,15
1605017916.084132,15
1605017916.101160,15
1605017916.118166,15
1605017916.138772,14
1605017916.158799,15
1605017916.177333,14
1605017916.194279,14
1605017916.211224,15
1605017916.228623,15
1605017916.245089,15
1605017916.266292,15
1605017916.285302,14
1605017916.304005,14
1605017916.320834,14
1605017916.337600,15
1605017916.354745,15
1605017916.371533,15
1605017916.388065,15
1605017916.405054,15
1605017916.421670,15
1605017916.438183,15
1605017916.454719,14
1605017916.471321,14
1605017916.487765,14
1605017916.504281,14
1605017916.520757,14
1605017916.538399,14
1605017916.555097,14
1605017916.571457,14
1605017916.587885,14
1605017916.604188,14
1605017916.620660,14
1605017916.637471,14
1605017916.654067,14
1605017916.675229,13
1605017916.705659,15
1605017916.736439,16
1605017916.754884,15
1605017916.772764,15
1605017916.790524,15
1605017916.807804,16
1605017916.824047,16
1605017916.840558,16
1605017916.858094,17
1605017916.881745,17
1605017916.908940,17
1605017916.928148,16
1605017916.944942,15
1605017916.961596,15
1605017916.985391,14
1605017917.009171,15
1605017917.027917,15
1605017917.045204,15
1605017917.062759,14
1605017917.086288,15
1605017917.108894,16
1605017917.127475,15
1605017917.144648,15
1605017917.161467,15
1605017917.186109,16
1605017917.206540,16
1605017917.225738,15
1605017917.243552,15
1605017917.260285,15
1605017917.285377,16
1605017917.311743,16
1605017917.340293,14
1605017917.361995,15
1605017917.389826,14
1605017917.415160,15
1605017917.433717,15
1605017917.454437,14
1605017917.472198,15
1605017917.493728,15
1605017917.512496,16
1605017917.530924,16
1605017917.551134,15
1605017917.575091,16
1605017917.606277,16
1605017917.625524,16
1605017917.644047,16
1605017917.661563,15
1605017917.680209,15
1605017917.709966,15
1605017917.728465,15
1605017917.747510,16
1605017917.766028,15
1605017917.793225,14
1605017917.818179,15
1605017917.838567,15
1605017917.856843,14
1605017917.874655,14
1605017917.898540,15
1605017917.918661,15
1605017917.945819,16
1605017917.964563,16
1605017918.001874,16
1605017918.033402,15
1605017918.054488,16
1605017918.079268,16
1605017918.113364,16
1605017918.137915,16
1605017918.164266,15
1605017918.198671,16
1605017918.227072,15
1605017918.249148,16
1605017918.267382,16
1605017918.299958,16
1605017918.326295,15
1605017918.347039,16
1605017918.365906,16
1605017918.393805,16
1605017918.420533,15
1605017918.443892,16
1605017918.463596,16
1605017918.481846,16
1605017918.514626,18
1605017918.543448,19
1605017918.562435,19
1605017918.582146,18
1605017918.613736,19
1605017918.633196,19
1605017918.653387,20
1605017918.672879,20
1605017918.701581,20
1605017918.725893,20
1605017918.745205,19
1605017918.762879,19
1605017918.781649,17
1605017918.807498,17
1605017918.831203,17
1605017918.850703,17
1605017918.875614,15
1605017918.904860,16
1605017918.935976,16
1605017918.962615,17
1605017918.982126,17
1605017919.010988,17
1605017919.036536,16
1605017919.066230,18
1605017919.087071,17
1605017919.119314,19
1605017919.156808,19
1605017919.181636,19
1605017919.214196,19
1605017919.247076,19
1605017919.266517,18
1605017919.291406,19
1605017919.323074,18
1605017919.343988,18
1605017919.364556,17
1605017919.384187,17
1605017919.410184,18
1605017919.438580,18
1605017919.459471,17
1605017919.478500,17
1605017919.506974,18
1605017919.533926,18
1605017919.553857,18
1605017919.573261,17
1605017919.592128,18
1605017919.620084,19
1605017919.642894,19
1605017919.661088,19
1605017919.679815,19
1605017919.697483,18
1605017919.718838,17
1605017919.748396,18
1605017919.768486,17
1605017919.788528,18
1605017919.814655,18
1605017919.841278,18
1605017919.860500,18
1605017919.878818,18
1605017919.896201,18
1605017919.921163,18
1605017919.941632,18
1605017919.959859,19
1605017919.978138,19
1605017919.997829,18
1605017920.029677,18
1605017920.047676,19
1605017920.066995,19
1605017920.086821,19
1605017920.106616,18
1605017920.133573,19
1605017920.152666,19
1605017920.172584,17
1605017920.193803,17
1605017920.221156,17
1605017920.244819,17
1605017920.263920,17
1605017920.283637,17
1605017920.303176,16
1605017920.335786,18
1605017920.362119,18
1605017920.381755,18
1605017920.404081,17
1605017920.437661,17
1605017920.459335,18
1605017920.477598,18
1605017920.496672,18
1605017920.523376,18
1605017920.550233,17
1605017920.569832,19
1605017920.590245,19
1605017920.609862,19
1605017920.637830,19
1605017920.656973,19
1605017920.677724,18
1605017920.700846,19
1605017920.725875,18
1605017920.747441,19
1605017920.766368,19
1605017920.787740,18
1605017920.807512,18
1605017920.839587,18
1605017920.858107,18
1605017920.878466,18
1605017920.901307,18
1605017920.928183,18
1605017920.949611,18
1605017920.970105,17
1605017920.991256,18
1605017921.010981,18
1605017921.033655,17
1605017921.052986,18
1605017921.071713,18
1605017921.093603,18
1605017921.113780,17
1605017921.134297,18
1605017921.154598,18
1605017921.174426,18
1605017921.191808,18
1605017921.212205,17
1605017921.240050,18
1605017921.258818,17
1605017921.276905,17
1605017921.299115,18
1605017921.320011,18
1605017921.346397,18
1605017921.366229,18
1605017921.387488,17
1605017921.408302,18
1605017921.432639,18
1605017921.454545,17
1605017921.474926,18
1605017921.494689,18
1605017921.517200,17
1605017921.548331,18
1605017921.567608,17
1605017921.587185,19
1605017921.605428,19
1605017921.637023,20
1605017921.663064,19
1605017921.681741,19
1605017921.703049,20
1605017921.723384,20
1605017921.751673,20
1605017921.770439,20
1605017921.790898,19
1605017921.808249,19
1605017921.832577,20
1605017921.859179,19
1605017921.876972,20
1605017921.895308,20
1605017921.913795,20
1605017921.936418,19
1605017921.958912,19
1605017921.977150,19
1605017921.994445,19
1605017922.011395,19
1605017922.037673,19
1605017922.060039,20
1605017922.077730,20
1605017922.097199,20
1605017922.115411,19
1605017922.139044,20
1605017922.160981,20
1605017922.179213,19
1605017922.198306,19
1605017922.215637,20
1605017922.239372,20
1605017922.263941,19
1605017922.285846,20
1605017922.307145,20
1605017922.325198,19
1605017922.347076,19
1605017922.370761,19
1605017922.390921,18
1605017922.410747,18
1605017922.428737,19
1605017922.454737,18
1605017922.473400,18
1605017922.492197,19
1605017922.513124,19
1605017922.534011,20
1605017922.560930,20
1605017922.579787,20
1605017922.599682,20
1605017922.619455,19
1605017922.645503,20
1605017922.667832,19
1605017922.686657,20
1605017922.705224,20
1605017922.723569,20
1605017922.746415,19
1605017922.767342,20
1605017922.786603,20
1605017922.805845,20
1605017922.823995,20
1605017922.847233,19
1605017922.868492,19
1605017922.887300,19
1605017922.905441,19
1605017922.922769,19
1605017922.945836,20
1605017922.968807,20
1605017922.988850,19
1605017923.007706,19
1605017923.024884,20
1605017923.048823,20
1605017923.073170,19
1605017923.091762,20
1605017923.112587,20
1605017923.134342,19
1605017923.154158,20
1605017923.174258,20
1605017923.191799,20
1605017923.209068,20
1605017923.226101,20
1605017923.249567,19
1605017923.277740,20
1605017923.302126,20
1605017923.323886,20
1605017923.349666,20
1605017923.378058,19
1605017923.399958,20
1605017923.419534,20
1605017923.440833,19
1605017923.466276,20
1605017923.486353,20
1605017923.506842,19
1605017923.527022,20
1605017923.557283,19
1605017923.585357,20
1605017923.605078,19
1605017923.626119,20
1605017923.657255,19
1605017923.682915,20
1605017923.702516,19
1605017923.724872,20
1605017923.753668,20
1605017923.777670,20
1605017923.796520,19
1605017923.817547,20
1605017923.835831,20
1605017923.859200,20
1605017923.877759,19
1605017923.896388,19
1605017923.918757,20
1605017923.940948,20
1605017923.969940,20
1605017923.989717,19
1605017924.007946,19
1605017924.026558,20
1605017924.057811,19
1605017924.081586,20
1605017924.100770,20
1605017924.119809,19
1605017924.142643,20
1605017924.173700,20
1605017924.191037,20
1605017924.212020,20
1605017924.233469,19
1605017924.257580,20
1605017924.284737,19
1605017924.305967,20
1605017924.324171,20
1605017924.341342,20
1605017924.371034,20
1605017924.389936,20
1605017924.408674,20
1605017924.426378,19
1605017924.445749,19
1605017924.477005,20
1605017924.495558,20
1605017924.514218,20
1605017924.533254,20
1605017924.561037,20
1605017924.585581,20
1605017924.606917,19
1605017924.625366,20
1605017924.642982,20
1605017924.666832,20
1605017924.684820,19
1605017924.704999,20
1605017924.723301,20
1605017924.740341,20
1605017924.764913,19
1605017924.786410,20
1605017924.806144,20
1605017924.823761,20
1605017924.840477,20
1605017924.865238,19
1605017924.886200,20
1605017924.905660,20
1605017924.923633,20
1605017924.940528,20
1605017924.965240,20
1605017924.988007,19
1605017925.006883,18
1605017925.024796,17
1605017925.041776,17
1605017925.064721,16
1605017925.089933,14
1605017925.109448,14
1605017925.130516,12
1605017925.151429,11
1605017925.181051,11
1605017925.199841,10
1605017925.219203,9
1605017925.241336,10
1605017925.269543,9
1605017925.294847,11
1605017925.314885,10
1605017925.335246,11
1605017925.354072,11
1605017925.384953,10
1605017925.408714,11
1605017925.429469,10
1605017925.454635,11
1605017925.491694,11
1605017925.514043,11
1605017925.533599,11
1605017925.557740,10
1605017925.594106,11
1605017925.615109,12
1605017925.642697,12
1605017925.665485,12
1605017925.702351,11
1605017925.726806,12
1605017925.746213,12
1605017925.774698,12
1605017925.800952,10
1605017925.822984,11
1605017925.843167,11
1605017925.865495,10
1605017925.897834,10
1605017925.919186,11
1605017925.943946,11
1605017925.965131,11
1605017925.997830,11
1605017926.023258,11
1605017926.045524,11
1605017926.071567,11
1605017926.100237,11
1605017926.123262,11
1605017926.141916,11
1605017926.160745,12
1605017926.189565,11
1605017926.208044,12
1605017926.226794,12
1605017926.245914,12
1605017926.263673,12
1605017926.301183,12
1605017926.323451,12
1605017926.344357,12
1605017926.363669,12
1605017926.400408,12
1605017926.428512,11
1605017926.448537,11
1605017926.481093,11
1605017926.506895,12
1605017926.525928,13
1605017926.546636,13
1605017926.567348,13
1605017926.595065,12
1605017926.615161,13
1605017926.635083,13
1605017926.656505,12
1605017926.682730,13
1605017926.709250,13
1605017926.727985,12
1605017926.747593,12
1605017926.766970,12
1605017926.800637,12
1605017926.820974,11
1605017926.839605,12
1605017926.858844,12
1605017926.884560,11
1605017926.911480,12
1605017926.931786,11
1605017926.951031,12
1605017926.969217,12
1605017926.997836,11
1605017927.017060,13
1605017927.038670,13
1605017927.056594,13
1605017927.080967,12
1605017927.104905,13
1605017927.124235,12
1605017927.142633,12
1605017927.161354,13
1605017927.185063,13
1605017927.209917,13
1605017927.229397,13
1605017927.250648,13
1605017927.269350,12
1605017927.301216,13
1605017927.324259,13
1605017927.344701,13
1605017927.362866,13
1605017927.389230,13
1605017927.415673,12
1605017927.434828,13
1605017927.454459,13
1605017927.472128,13
1605017927.501076,12
1605017927.519735,13
1605017927.538610,13
1605017927.557953,13
1605017927.575822,12
1605017927.595732,12
1605017927.617491,13
1605017927.636737,13
1605017927.654838,13
1605017927.672437,12
1605017927.697205,13
1605017927.716405,13
1605017927.736262,13
1605017927.754937,12
1605017927.772347,12
1605017927.796455,13
1605017927.822975,13
1605017927.843950,13
1605017927.866638,12
1605017927.892885,13
1605017927.918632,12
1605017927.938655,13
1605017927.956129,14
1605017927.973530,14
1605017927.997204,13
1605017928.020882,14
1605017928.039424,14
1605017928.057138,14
1605017928.074480,14
1605017928.098336,14
1605017928.126956,14
1605017928.145897,14
1605017928.166448,14
1605017928.187516,14
1605017928.215330,14
1605017928.234238,14
1605017928.254716,13
1605017928.272042,13
1605017928.297684,14
1605017928.326301,13
1605017928.347869,14
1605017928.367104,13
1605017928.385646,13
1605017928.415641,14
1605017928.441129,14
1605017928.460031,14
1605017928.484624,14
1605017928.521353,14
1605017928.540071,14
1605017928.559540,14
1605017928.578649,13
1605017928.603000,14
1605017928.631417,14
1605017928.650245,14
1605017928.674105,13
1605017928.700099,14
1605017928.726503,13
1605017928.745890,14
1605017928.767037,14
1605017928.786622,13
1605017928.812943,14
1605017928.831481,14
1605017928.851369,13
1605017928.872531,14
1605017928.902600,13
1605017928.927917,14
1605017928.946921,14
1605017928.966627,13
1605017928.985092,14
1605017929.008000,15
1605017929.029880,14
1605017929.051612,15
1605017929.073413,15
1605017929.103055,15
1605017929.129390,14
1605017929.149331,15
1605017929.167077,15
1605017929.189228,15
1605017929.218268,15
1605017929.237157,15
1605017929.255058,14
1605017929.272938,14
1605017929.291743,15
1605017929.318959,15
1605017929.341905,15
1605017929.362503,15
1605017929.382606,15
1605017929.413244,15
1605017929.440115,15
1605017929.460762,15
1605017929.482388,14
1605017929.502105,15
1605017929.533394,14
1605017929.559251,15
1605017929.580793,14
1605017929.600054,15
1605017929.629354,14
1605017929.648121,15
1605017929.667768,15
1605017929.687111,15
1605017929.714692,15
1605017929.742898,15
1605017929.762608,15
1605017929.782424,15
1605017929.800762,15
1605017929.821272,14
1605017929.842158,15
1605017929.860490,15
1605017929.880532,15
1605017929.901733,14
1605017929.934103,14
1605017929.952580,14
1605017929.970855,15
1605017929.990467,15
1605017930.016107,14
1605017930.041562,15
1605017930.060157,16
1605017930.081047,15
1605017930.098991,16
1605017930.124006,16
1605017930.144368,15
1605017930.164908,16
1605017930.187829,16
1605017930.224040,16
1605017930.249979,16
1605017930.270579,16
1605017930.291404,15
1605017930.317724,16
1605017930.347878,16
1605017930.370326,15
1605017930.388163,15
1605017930.405841,15
1605017930.436634,15
1605017930.454716,16
1605017930.472641,16
1605017930.491632,16
1605017930.511124,16
1605017930.529342,16
1605017930.548541,15
1605017930.568136,16
1605017930.587101,16
1605017930.604361,16
1605017930.633272,15
1605017930.661106,16
1605017930.682347,16
1605017930.701393,16
1605017930.725852,15
1605017930.752964,16
1605017930.771849,16
1605017930.790143,15
1605017930.807761,15
1605017930.831879,16
1605017930.853886,15
1605017930.871969,15
1605017930.891712,16
1605017930.911499,16
1605017930.942382,16
1605017930.960511,16
1605017930.980915,16
1605017930.999859,15
1605017931.021848,15
1605017931.047269,16
1605017931.066490,15
1605017931.085633,16
1605017931.102949,16
1605017931.128382,15
1605017931.151662,16
1605017931.170419,16
1605017931.188161,16
1605017931.205085,17
1605017931.228868,16
1605017931.256370,17
1605017931.278476,17
1605017931.298477,17
1605017931.319626,17
1605017931.348696,17
1605017931.371604,16
1605017931.392289,17
1605017931.410337,17
1605017931.433556,17
1605017931.456245,17
1605017931.474762,17
1605017931.498640,17
1605017931.516281,16
1605017931.543481,17
1605017931.563910,17
1605017931.583011,16
1605017931.605084,17
1605017931.630703,16
1605017931.657392,17
1605017931.677272,16
1605017931.695899,16
1605017931.713946,16
1605017931.740307,17
1605017931.764711,17
1605017931.784808,17
1605017931.804160,17
1605017931.821544,17
1605017931.841017,16
1605017931.862521,17
1605017931.882386,17
1605017931.903273,17
1605017931.922251,16
1605017931.949136,17
1605017931.967440,17
1605017931.986346,16
1605017932.006369,17
1605017932.029177,17
1605017932.057624,17
1605017932.076062,17
1605017932.097591,16
1605017932.115953,16
1605017932.140744,17
1605017932.168556,17
1605017932.186377,17
1605017932.210105,17
1605017932.236435,17
1605017932.264547,16
1605017932.286964,17
1605017932.307527,16
1605017932.326241,16
1605017932.356288,16
1605017932.376971,17
1605017932.398486,17
1605017932.419991,18
1605017932.447952,18
1605017932.475774,18
1605017932.497557,18
1605017932.517536,17
1605017932.544455,18
1605017932.568994,17
1605017932.587224,18
1605017932.604844,18
1605017932.623215,18
1605017932.651303,17
1605017932.670312,18
1605017932.688902,18
1605017932.711243,17
1605017932.743668,17
1605017932.769808,18
1605017932.790181,18
1605017932.809495,17
1605017932.827227,17
1605017932.861255,17
1605017932.881912,18
1605017932.903486,18
1605017932.931964,18
1605017932.958400,18
1605017932.981199,18
1605017933.000341,18
1605017933.021821,17
1605017933.049977,19
1605017933.074391,19
1605017933.101544,18
1605017933.120027,19
1605017933.145201,19
1605017933.174596,19
1605017933.194407,19
1605017933.215368,18
1605017933.235020,19
1605017933.265921,19
1605017933.287481,19
1605017933.306100,19
1605017933.325754,18
1605017933.351367,18
1605017933.377012,17
1605017933.410628,17
1605017933.430995,18
1605017933.461483,18
1605017933.487128,17
1605017933.507171,18
1605017933.527352,18
1605017933.553250,17
1605017933.578023,18
1605017933.597998,18
1605017933.617148,18
1605017933.645633,19
1605017933.672001,19
1605017933.694516,20
1605017933.714175,19
1605017933.733435,20
1605017933.758276,20
1605017933.786247,20
1605017933.806713,20
1605017933.824969,20
1605017933.849195,20
1605017933.873861,20
1605017933.893837,19
1605017933.913841,19
1605017933.932746,19
1605017933.957740,19
1605017933.982328,19
1605017934.002667,19
1605017934.021228,18
1605017934.038708,18
1605017934.068860,19
1605017934.087037,19
1605017934.110284,20
1605017934.136322,19
1605017934.166224,20
1605017934.190766,20
1605017934.209723,20
1605017934.230456,19
1605017934.261326,20
1605017934.293931,20
1605017934.318648,20
1605017934.340241,20
1605017934.373705,19
1605017934.409350,19
1605017934.439706,19
1605017934.471726,19
1605017934.507290,18
1605017934.529112,19
1605017934.557263,19
1605017934.585030,19
1605017934.606451,19
1605017934.626123,19
1605017934.647614,19
1605017934.679654,19
1605017934.701503,18
1605017934.719821,19
1605017934.737782,19
1605017934.764873,19
1605017934.794998,19
1605017934.819292,19
1605017934.850602,19
1605017934.878961,18
1605017934.905579,19
1605017934.928069,18
1605017934.950234,19
1605017934.977610,18
1605017935.000306,19
1605017935.020191,19
1605017935.039886,19
1605017935.069008,20
1605017935.097791,20
1605017935.120728,19
1605017935.163829,20
1605017935.192396,20
1605017935.213796,20
1605017935.234602,19
1605017935.253495,20
1605017935.284918,19
1605017935.305898,20
1605017935.328149,20
1605017935.351361,20
1605017935.380380,19
1605017935.405522,20
1605017935.428082,19
1605017935.470836,20
1605017935.503958,20
1605017935.526103,19
1605017935.547880,20
1605017935.576826,20
1605017935.605998,19
1605017935.627552,20
1605017935.647965,20
1605017935.673734,19
1605017935.700212,20
1605017935.719728,19
1605017935.739167,20
1605017935.757748,20
1605017935.792769,20
1605017935.815210,19
1605017935.834905,20
1605017935.853440,20
1605017935.878249,19
1605017935.906356,20
1605017935.925962,20
1605017935.945938,19
1605017935.970187,20
1605017935.995127,19
1605017936.017903,20
1605017936.049808,20
1605017936.077940,20
1605017936.105649,19
1605017936.125006,19
1605017936.147814,20
1605017936.173360,20
1605017936.200910,19
1605017936.224101,20
1605017936.249290,20
1605017936.291740,20
1605017936.323559,20
1605017936.349298,19
1605017936.385045,19
1605017936.417248,19
1605017936.445175,19
1605017936.481319,19
1605017936.516309,20
1605017936.542139,19
1605017936.573384,19
1605017936.616390,20
1605017936.655934,20
1605017936.691613,20
1605017936.727104,20
1605017936.757455,20
1605017936.805422,20
1605017936.839538,20
1605017936.866382,19
1605017936.900184,19
1605017936.927888,19
1605017936.953794,20
1605017936.997081,20
1605017937.026906,19
1605017937.052769,20
1605017937.072347,20
1605017937.112836,19
1605017937.135336,18
1605017937.156296,16
1605017937.185422,15
1605017937.214816,13
1605017937.237780,10
1605017937.279856,10
1605017937.338665,9
1605017937.373142,10
1605017937.409402,10
1605017937.444011,7
1605017937.470022,6
1605017937.508379,4
1605017937.539706,5
1605017937.562786,5
1605017937.595206,5
1605017937.626652,5
1605017937.649136,5
1605017937.668361,5
1605017937.694347,4
1605017937.718971,5
1605017937.738746,5
1605017937.760445,4
1605017937.792082,5
1605017937.818430,6
1605017937.849206,7
1605017937.868102,7
1605017937.894135,6
1605017937.921035,5
1605017937.941760,6
1605017937.962512,6
1605017937.984379,5
1605017938.013969,6
1605017938.033631,5
1605017938.052481,7
1605017938.071421,7
1605017938.098346,6
1605017938.127052,7
1605017938.148265,5
1605017938.177869,5
1605017938.205904,6
1605017938.236618,6
1605017938.269868,6
1605017938.301570,6
1605017938.329892,7
1605017938.351496,7
1605017938.370421,7
1605017938.403493,7
1605017938.434318,7
1605017938.461663,7
1605017938.484417,7
1605017938.514153,7
1605017938.543354,7
1605017938.564540,7
1605017938.586021,6
1605017938.621090,7
1605017938.641522,8
1605017938.664955,7
1605017938.684057,8
1605017938.714755,7
1605017938.741590,7
1605017938.765805,7
1605017938.786662,7
1605017938.819354,7
1605017938.842566,6
1605017938.865175,7
1605017938.883806,7
1605017938.909378,7
1605017938.938505,7
1605017938.958673,7
1605017938.977340,8
1605017939.003332,7
1605017939.027919,8
1605017939.057806,9
1605017939.082315,9
1605017939.109851,9
1605017939.140396,9
1605017939.161849,9
1605017939.181712,7
1605017939.206971,8
1605017939.233503,7
1605017939.266077,8
1605017939.289050,8
1605017939.324914,8
1605017939.348902,8
1605017939.371602,8
1605017939.392946,7
1605017939.428027,7
1605017939.450943,8
1605017939.474332,7
1605017939.494296,8
1605017939.528166,9
1605017939.550352,9
1605017939.570030,8
1605017939.589118,9
1605017939.614726,9
1605017939.643034,9
1605017939.667557,8
1605017939.686963,9
1605017939.715303,8
1605017939.740510,9
1605017939.761560,9
1605017939.783207,9
1605017939.802062,9
1605017939.832146,9
1605017939.851390,9
1605017939.870070,9
1605017939.889763,9
1605017939.917947,9
1605017939.944326,8
1605017939.964357,9
1605017939.982997,9
1605017940.001751,9
1605017940.031300,9
1605017940.049578,10
1605017940.067931,10
1605017940.087906,9
1605017940.116820,10
1605017940.143132,10
1605017940.163940,10
1605017940.182564,9
1605017940.206375,9
1605017940.233152,9
1605017940.267036,9
1605017940.299227,9
1605017940.333288,10
1605017940.364555,9
1605017940.392022,10
1605017940.414360,10
1605017940.433108,10
1605017940.451310,10
1605017940.469774,10
1605017940.489277,10
1605017940.507921,9
1605017940.534286,10
1605017940.555976,9
1605017940.577189,10
1605017940.597277,10
1605017940.624479,10
1605017940.650671,10
1605017940.669977,9
1605017940.691090,10
1605017940.709479,10
1605017940.737914,10
1605017940.755980,10
1605017940.779133,10
1605017940.798708,9
1605017940.824363,10
1605017940.852525,10
1605017940.873778,10
1605017940.892522,10
1605017940.912652,9
1605017940.934415,10
1605017940.956050,10
1605017940.976649,9
1605017940.995059,11
1605017941.016014,11
1605017941.048977,11
1605017941.067806,12
1605017941.087453,11
1605017941.105220,11
1605017941.132261,12
1605017941.157188,12
1605017941.188049,11
1605017941.210759,12
1605017941.243308,11
1605017941.278019,11
1605017941.312810,11
1605017941.346187,11
1605017941.376925,11
1605017941.398996,11
1605017941.418255,11
1605017941.453191,11
1605017941.483241,11
1605017941.503891,11
1605017941.523058,11
1605017941.557224,10
1605017941.582775,11
1605017941.601942,11
1605017941.621315,10
1605017941.652339,11
1605017941.671847,10
1605017941.692384,11
1605017941.716670,11
1605017941.743023,11
1605017941.773747,11
1605017941.797954,11
1605017941.818140,11
1605017941.849723,11
1605017941.875068,12
1605017941.898221,11
1605017941.916545,12
1605017941.941848,12
1605017941.969621,12
1605017941.990028,12
1605017942.010310,11
1605017942.028873,11
1605017942.061100,12
1605017942.081443,13
1605017942.100473,13
1605017942.120362,13
1605017942.145765,13
1605017942.173350,12
1605017942.192670,13
1605017942.211866,13
1605017942.230924,13
1605017942.257874,12
1605017942.293353,12
1605017942.320786,12
1605017942.349905,11
1605017942.382882,11
1605017942.403536,12
1605017942.425324,12
1605017942.450530,12
1605017942.478847,12
1605017942.498191,12
1605017942.516957,12
1605017942.536865,12
1605017942.566227,12
1605017942.586232,12
1605017942.606316,11
1605017942.624738,11
1605017942.653786,12
1605017942.679922,12
1605017942.699073,13
1605017942.718724,13
1605017942.739074,12
1605017942.765586,13
1605017942.786277,12
1605017942.806771,13
1605017942.825746,13
1605017942.850496,12
1605017942.879193,13
1605017942.898203,12
1605017942.919527,13
1605017942.937549,13
1605017942.965261,12
1605017942.983847,13
1605017943.002630,13
1605017943.023119,13
1605017943.043513,12
1605017943.070677,14
1605017943.091075,13
1605017943.111630,14
1605017943.129714,14
1605017943.154537,14
1605017943.182460,14
1605017943.201405,14
1605017943.220254,13
1605017943.239349,13
1605017943.270231,12
1605017943.299608,13
1605017943.332437,13
1605017943.368642,12
1605017943.398088,12
1605017943.419875,13
1605017943.442713,13
1605017943.470238,13
1605017943.490749,13
1605017943.510429,13
1605017943.529762,12
1605017943.557054,13
1605017943.583813,13
1605017943.602846,13
1605017943.624763,12
1605017943.643835,12
1605017943.672489,14
1605017943.691623,13
1605017943.716099,14
1605017943.735826,14
1605017943.763829,14
1605017943.790350,13
1605017943.815225,14
1605017943.836591,13
1605017943.864626,14
1605017943.892614,14
1605017943.914775,14
1605017943.932949,13
1605017943.959877,14
1605017943.986442,14
1605017944.006078,14
1605017944.025677,14
1605017944.046405,13
1605017944.077054,14
1605017944.096384,14
1605017944.115225,15
1605017944.133443,15
1605017944.151560,15
1605017944.180712,15
1605017944.201398,15
1605017944.219696,15
1605017944.239136,14
1605017944.263148,15
1605017944.288940,13
1605017944.321821,13
1605017944.350446,14
1605017944.380695,14
1605017944.409117,14
1605017944.432290,13
1605017944.457584,14
1605017944.489952,14
1605017944.512905,14
1605017944.532730,13
1605017944.555802,14
1605017944.587794,14
1605017944.607772,14
1605017944.628666,13
1605017944.646549,14
1605017944.673005,15
1605017944.699468,15
1605017944.718934,15
1605017944.741302,14
1605017944.769466,15
1605017944.798851,15
1605017944.819128,15
1605017944.837753,14
1605017944.856860,15
1605017944.886601,14
1605017944.906145,15
1605017944.932047,15
1605017944.952201,14
1605017944.983357,15
1605017945.002786,15
1605017945.022973,15
1605017945.042736,15
1605017945.063144,15
1605017945.089331,16
1605017945.109006,16
1605017945.130149,15
1605017945.148320,16
1605017945.172877,16
1605017945.201212,16
1605017945.220049,16
1605017945.242281,15
1605017945.262004,16
1605017945.297611,16
1605017945.317226,15
1605017945.348570,15
1605017945.377513,15
1605017945.402490,14
1605017945.430323,15
1605017945.456367,15
1605017945.477358,15
1605017945.496791,15
1605017945.522613,15
1605017945.541171,15
1605017945.561949,15
1605017945.593991,16
1605017945.612738,15
1605017945.630681,15
1605017945.648581,16
1605017945.668154,16
1605017945.695295,15
1605017945.714560,16
1605017945.734751,16
1605017945.753754,17
1605017945.779313,17
1605017945.806896,17
1605017945.829440,16
1605017945.847914,16
1605017945.865598,16
1605017945.895383,16
1605017945.915245,16
1605017945.935332,16
1605017945.954803,15
1605017945.985425,16
1605017946.009700,16
1605017946.029222,16
1605017946.050124,15
1605017946.068921,16
1605017946.099262,16
1605017946.128544,17
1605017946.148040,16
1605017946.168370,17
1605017946.203171,17
1605017946.224679,17
1605017946.245751,16
1605017946.263793,17
1605017946.289691,17
1605017946.316405,17
1605017946.339476,16
1605017946.371037,16
1605017946.406560,16
1605017946.439642,15
1605017946.459506,16
1605017946.485443,16
1605017946.515291,16
1605017946.535246,15
1605017946.557148,16
1605017946.585945,15
1605017946.613236,16
1605017946.632274,15
1605017946.653374,16
1605017946.673691,16
1605017946.706941,16
1605017946.733797,15
1605017946.754849,16
1605017946.777641,15
1605017946.809636,15
1605017946.829847,16
1605017946.850986,16
1605017946.871315,16
1605017946.906075,17
1605017946.926902,17
1605017946.945928,17
1605017946.965673,17
1605017946.993345,16
1605017947.019618,17
1605017947.044316,17
1605017947.065125,18
1605017947.094085,18
1605017947.121274,18
1605017947.145524,18
1605017947.165414,17
1605017947.192964,18
1605017947.218710,17
1605017947.240227,18
1605017947.260838,18
1605017947.280250,17
1605017947.310492,17
1605017947.341594,18
1605017947.365493,17
1605017947.412522,16
1605017947.446807,17
1605017947.484012,17
1605017947.516556,17
1605017947.549805,17
1605017947.570954,16
1605017947.600876,17
1605017947.629649,17
1605017947.651676,16
1605017947.673124,17
1605017947.702624,16
1605017947.734566,16
1605017947.754768,17
1605017947.778357,17
1605017947.804811,17
1605017947.834340,17
1605017947.855454,17
1605017947.876294,16
1605017947.902560,17
1605017947.933013,17
1605017947.953357,17
1605017947.974599,16
1605017948.003215,17
1605017948.031627,17
1605017948.052643,17
1605017948.072925,17
1605017948.102070,17
1605017948.127144,19
1605017948.146202,19
1605017948.166274,18
1605017948.185208,18
1605017948.216148,18
1605017948.236980,19
1605017948.257876,19
1605017948.279605,18
1605017948.306198,19
1605017948.338950,19
1605017948.378528,17
1605017948.417042,18
1605017948.455613,18
1605017948.490358,17
1605017948.524257,17
1605017948.556032,17
1605017948.577863,18
1605017948.606077,17
1605017948.632794,18
1605017948.652973,17
1605017948.673860,18
1605017948.693932,18
1605017948.725175,18
1605017948.745943,18
1605017948.766236,17
1605017948.785765,18
1605017948.812408,18
1605017948.839600,18
1605017948.861045,17
1605017948.879306,17
1605017948.897403,18
1605017948.927044,17
1605017948.946535,18
1605017948.965926,18
1605017948.987114,18
1605017949.013002,18
1605017949.038945,17
1605017949.060386,19
1605017949.078293,19
1605017949.095834,19
1605017949.128107,19
1605017949.147243,19
1605017949.166750,19
1605017949.186028,18
1605017949.210953,19
1605017949.234194,18
1605017949.254731,19
1605017949.279618,19
1605017949.299318,18
1605017949.333018,19
1605017949.355499,18
1605017949.381803,17
1605017949.413840,18
1605017949.443782,19
1605017949.472743,19
1605017949.494233,18
1605017949.514400,19
1605017949.535561,19
1605017949.553450,19
1605017949.571338,19
1605017949.590308,18
1605017949.613545,19
1605017949.638383,19
1605017949.659804,20
1605017949.678929,20
1605017949.697652,20
1605017949.722681,19
1605017949.748948,20
1605017949.770112,20
1605017949.790407,20
1605017949.822073,20
1605017949.853180,19
1605017949.878954,19
1605017949.900765,20
1605017949.934408,19
1605017949.955323,19
1605017949.980630,18
1605017950.002162,19
1605017950.034255,19
1605017950.055010,19
1605017950.080669,20
1605017950.101810,20
1605017950.132470,20
1605017950.168538,20
1605017950.194671,20
1605017950.221204,19
1605017950.247355,20
1605017950.267963,19
1605017950.290577,20
1605017950.311983,20
1605017950.348143,20
1605017950.372000,19
1605017950.406084,19
1605017950.435828,18
1605017950.467826,19
1605017950.498013,18
1605017950.521805,19
1605017950.542306,18
1605017950.560306,18
1605017950.579250,19
1605017950.597300,19
1605017950.617225,19
1605017950.645823,19
1605017950.664895,19
1605017950.686542,19
1605017950.705311,18
1605017950.729266,20
1605017950.757017,19
1605017950.776987,20
1605017950.797724,20
1605017950.816148,20
1605017950.838250,19
1605017950.860142,20
1605017950.878194,20
1605017950.897077,20
1605017950.916275,19
1605017950.943371,20
1605017950.970407,20
1605017950.991204,20
1605017951.010506,19
1605017951.035011,20
1605017951.061458,19
1605017951.081053,20
1605017951.102665,20
1605017951.129293,20
1605017951.154368,20
1605017951.177559,20
1605017951.198523,20
1605017951.218650,20
1605017951.250022,20
1605017951.273618,20
1605017951.295036,20
1605017951.316670,20
1605017951.347105,20
1605017951.369840,19
1605017951.393649,19
1605017951.425395,19
1605017951.458566,19
1605017951.486057,19
1605017951.514163,18
1605017951.546634,18
1605017951.576944,18
1605017951.595915,18
1605017951.616328,19
1605017951.646809,18
1605017951.667637,19
1605017951.687687,18
1605017951.708661,18
1605017951.733159,18
1605017951.760387,17
1605017951.781875,15
1605017951.805218,14
1605017951.824871,13
1605017951.853203,11
1605017951.874341,10
1605017951.894286,9
1605017951.913772,10
1605017951.940258,10
1605017951.966361,9
1605017951.987525,10
1605017952.007743,10
1605017952.025681,10
1605017952.049562,10
1605017952.070334,11
1605017952.091154,11
1605017952.109748,10
1605017952.134700,11
1605017952.160441,10
1605017952.184770,11
1605017952.204581,11
1605017952.224916,9
1605017952.249665,10
1605017952.286231,10
1605017952.317690,10
1605017952.346833,11
1605017952.377589,11
1605017952.397713,11
1605017952.422189,11
1605017952.453229,10
1605017952.482061,11
1605017952.504324,11
1605017952.524204,11
1605017952.548997,10
1605017952.575844,11
1605017952.597839,10
1605017952.619756,11
1605017952.643977,11
1605017952.668231,11
1605017952.688341,11
1605017952.712305,11
1605017952.741416,10
1605017952.773449,10
1605017952.793909,11
1605017952.815423,11
1605017952.835468,11
1605017952.864909,11
1605017952.885643,10
1605017952.905016,10
1605017952.924740,11
1605017952.954381,11
1605017952.981167,11
1605017953.002646,11
1605017953.022728,11
1605017953.041474,11
1605017953.070574,12
1605017953.095503,11
1605017953.115045,11
1605017953.141020,12
1605017953.177176,13
1605017953.196755,13
1605017953.219042,13
1605017953.240457,13
1605017953.273802,11
1605017953.303005,12
1605017953.336693,12
1605017953.369486,12
1605017953.401905,12
1605017953.424321,12
1605017953.444555,12
1605017953.478034,12
1605017953.498461,12
1605017953.520928,12
1605017953.542599,12
1605017953.573177,12
1605017953.594950,12
1605017953.614562,11
1605017953.635211,12
1605017953.661306,11
1605017953.686655,12
1605017953.708896,11
1605017953.729289,11
1605017953.747989,12
1605017953.778008,11
1605017953.797102,12
1605017953.818346,12
1605017953.838934,11
1605017953.865485,12
1605017953.893687,12
1605017953.915843,12
1605017953.947142,12
1605017953.984662,12
1605017954.007392,12
1605017954.027468,12
1605017954.048632,11
1605017954.076765,14
1605017954.097067,13
1605017954.117328,13
1605017954.137335,14
1605017954.168418,13
1605017954.197082,13
1605017954.220171,14
1605017954.241027,14
1605017954.268627,14
1605017954.307532,13
1605017954.341124,12
1605017954.374757,12
1605017954.408338,12
1605017954.436655,13
1605017954.469880,12
1605017954.501193,13
1605017954.534272,13
1605017954.567593,13
1605017954.599117,12
1605017954.626401,13
1605017954.646551,12
1605017954.673501,13
1605017954.701757,13
1605017954.722451,13
1605017954.743359,12
1605017954.769758,13
1605017954.797602,13
1605017954.819228,13
1605017954.842606,12
1605017954.872385,13
1605017954.902040,13
1605017954.925326,13
1605017954.946959,13
1605017954.978264,13
1605017955.006835,13
1605017955.026981,14
1605017955.047398,14
1605017955.077998,15
1605017955.103993,15
1605017955.126184,15
1605017955.150881,14
1605017955.179169,15
1605017955.209416,15
1605017955.230174,14
1605017955.252451,15
1605017955.287390,15
1605017955.312541,13
1605017955.348804,14
1605017955.392689,13
1605017955.428936,13
1605017955.454571,13
1605017955.482098,14
1605017955.504042,13
1605017955.525117,14
1605017955.545829,14
1605017955.570338,14
1605017955.601555,13
1605017955.622415,14
1605017955.644554,14
1605017955.665356,13
1605017955.697164,13
1605017955.719333,14
1605017955.740092,14
1605017955.764229,13
1605017955.798113,14
1605017955.828844,13
1605017955.852167,14
1605017955.881099,14
1605017955.911757,13
1605017955.937583,14
1605017955.957578,13
1605017955.985599,14
1605017956.016108,14
1605017956.036027,14
1605017956.055042,14
1605017956.078766,16
1605017956.104059,15
1605017956.124783,16
1605017956.143666,16
1605017956.162680,16
1605017956.187123,16
1605017956.210648,16
1605017956.230122,15
1605017956.252625,16
1605017956.288393,16
1605017956.322558,15
1605017956.355029,15
1605017956.386350,15
1605017956.417660,15
1605017956.445705,15
1605017956.477888,15
1605017956.509096,15
1605017956.545235,15
1605017956.569101,14
1605017956.599154,15
1605017956.625152,15
1605017956.644747,15
1605017956.666129,14
1605017956.692819,15
1605017956.717693,14
1605017956.739260,15
1605017956.759932,15
1605017956.781722,14
1605017956.809314,15
1605017956.828303,14
1605017956.850286,15
1605017956.870850,15
1605017956.896013,14
1605017956.923361,15
1605017956.943179,14
1605017956.962849,15
1605017956.993662,14
1605017957.021348,15
1605017957.040421,14
1605017957.059446,15
1605017957.077912,16
1605017957.108126,16
1605017957.133954,17
1605017957.158536,17
1605017957.178277,17
1605017957.206432,17
1605017957.225677,17
1605017957.245715,17
1605017957.267429,16
1605017957.296288,17
1605017957.324824,16
1605017957.358707,16
1605017957.387609,16
1605017957.416986,16
1605017957.451064,16
1605017957.472525,16
1605017957.501045,16
1605017957.528253,16
1605017957.549093,16
1605017957.570461,16
1605017957.594729,16
1605017957.620582,15
1605017957.640059,16
1605017957.659831,16
1605017957.678702,16
1605017957.704434,15
1605017957.737576,15
1605017957.757250,16
1605017957.777561,16
1605017957.802171,15
1605017957.826430,16
1605017957.845775,15
1605017957.867267,16
1605017957.887423,16
1605017957.915447,15
1605017957.934591,16
1605017957.955160,16
1605017957.973212,16
1605017958.000598,16
1605017958.028252,16
1605017958.050695,16
1605017958.072370,16
1605017958.098458,17
1605017958.125557,16
1605017958.145216,17
1605017958.168650,16
1605017958.193254,17
1605017958.226002,17
1605017958.248546,17
1605017958.274414,18
1605017958.299728,17
1605017958.329228,18
1605017958.371886,16
1605017958.402254,17
1605017958.432759,16
1605017958.464021,16
1605017958.490018,17
1605017958.509176,16
1605017958.531311,17
1605017958.553134,17
1605017958.572623,16
1605017958.591971,16
1605017958.625213,17
1605017958.645915,17
1605017958.668108,17
1605017958.688379,16
1605017958.713779,17
1605017958.738462,17
1605017958.758719,17
1605017958.779411,17
1605017958.808928,17
1605017958.835150,16
1605017958.856706,17
1605017958.877626,17
1605017958.901037,17
1605017958.933328,16
1605017958.960773,16
1605017958.988612,17
1605017959.017146,17
1605017959.048801,17
1605017959.070477,17
1605017959.090469,17
1605017959.116191,18
1605017959.144997,18
1605017959.167265,18
1605017959.188228,17
1605017959.215415,18
1605017959.242790,18
1605017959.266311,18
1605017959.286990,18
1605017959.313918,18
1605017959.340957,18
1605017959.361812,17
1605017959.393215,17
1605017959.428027,17
1605017959.458104,17
1605017959.483906,18
1605017959.505018,18
1605017959.536965,18
1605017959.557868,18
1605017959.578389,17
1605017959.601066,18
1605017959.629614,19
1605017959.651988,19
1605017959.671826,18
1605017959.690953,18
1605017959.720415,18
1605017959.746568,19
1605017959.766806,19
1605017959.786972,18
1605017959.807142,19
1605017959.837067,18
1605017959.857087,19
1605017959.877147,19
1605017959.898244,18
1605017959.924220,18
1605017959.945418,18
1605017959.967619,17
1605017959.988574,18
1605017960.007544,18
1605017960.029347,17
1605017960.050837,18
1605017960.070610,18
1605017960.089460,19
1605017960.108440,19
1605017960.137229,19
1605017960.156534,19
1605017960.177920,19
1605017960.198211,19
1605017960.224818,18
1605017960.249395,19
1605017960.272038,18
1605017960.292432,19
1605017960.312495,19
1605017960.341927,19
1605017960.366291,19
1605017960.390041,18
1605017960.425659,18
1605017960.458900,18
1605017960.491303,18
1605017960.514113,17
1605017960.537349,18
1605017960.556319,18
1605017960.575197,18
1605017960.596059,17
1605017960.620119,18
1605017960.650914,18
1605017960.671526,18
1605017960.693185,17
1605017960.713450,18
1605017960.743898,18
1605017960.765625,19
1605017960.787885,18
1605017960.808161,18
1605017960.835286,19
1605017960.857700,19
1605017960.879568,19
1605017960.901556,18
1605017960.928118,19
1605017960.955857,19
1605017960.977008,19
1605017960.998806,18
1605017961.019186,19
1605017961.049948,18
1605017961.070842,19
1605017961.091318,20
1605017961.110998,20
1605017961.136449,20
1605017961.158381,20
1605017961.180018,19
1605017961.202277,20
1605017961.221291,20
1605017961.240831,19
1605017961.266715,20
1605017961.299256,20
1605017961.341431,19
1605017961.373869,19
1605017961.401493,19
1605017961.451827,19
1605017961.490330,19
1605017961.523125,19
1605017961.555067,19
1605017961.578371,19
1605017961.602242,19
1605017961.630797,18
1605017961.654032,19
1605017961.677742,18
1605017961.716314,20
1605017961.744983,19
1605017961.764923,20
1605017961.785854,20
1605017961.805535,20
1605017961.831581,20
1605017961.855129,19
1605017961.876588,20
1605017961.898196,20
1605017961.918410,20
1605017961.944906,20
1605017961.966300,20
1605017961.987560,19
1605017962.007308,19
1605017962.027834,20
1605017962.047340,20
1605017962.066998,19
1605017962.086488,20
1605017962.106812,20
1605017962.125722,20
1605017962.145920,19
1605017962.165440,19
1605017962.184796,20
1605017962.203808,20
1605017962.222362,20
1605017962.241000,20
1605017962.260827,19
1605017962.279790,20
1605017962.298963,20
1605017962.318822,20
1605017962.342122,18
1605017962.366118,19
1605017962.389633,18
1605017962.412992,19
1605017962.436284,19
1605017962.459072,19
1605017962.483235,19
1605017962.506220,19
1605017962.537825,18
1605017962.562807,19
1605017962.588493,20
1605017962.615621,19
1605017962.640202,20
1605017962.663149,19
1605017962.686002,20
1605017962.703086,19
1605017962.721100,20
1605017962.738222,19
1605017962.755388,18
1605017962.772243,18
1605017962.789531,17
1605017962.807517,16
1605017962.824635,13
1605017962.841803,12
1605017962.858819,11
1605017962.876095,10
1605017962.893518,9
1605017962.910896,10
1605017962.928003,10
1605017962.944752,10
1605017962.961997,9
1605017962.979043,9
1605017962.996110,9
1605017963.013637,10
1605017963.031756,12
1605017963.049470,11
1605017963.067076,10
1605017963.090977,10
1605017963.118184,8
1605017963.143471,6
1605017963.164553,6
1605017963.183872,4
1605017963.204153,6
1605017963.224753,7
1605017963.241831,7
1605017963.258883,7
1605017963.277868,7
1605017963.295413,6
1605017963.312617,5
1605017963.329865,5
1605017963.347446,4
1605017963.365227,4
1605017963.382947,5
1605017963.400360,5
1605017963.417425,5
1605017963.435580,5
1605017963.453341,6
1605017963.470518,7
1605017963.487582,7
1605017963.504384,7
1605017963.521567,7
1605017963.538353,6
1605017963.555514,6
1605017963.573154,6
1605017963.590859,5
1605017963.607766,5
1605017963.625855,6
1605017963.642689,7
1605017963.660053,7
1605017963.677081,7
1605017963.693860,8
1605017963.710856,8
1605017963.728081,7
1605017963.747744,7
1605017963.766803,7
1605017963.785022,6
1605017963.803058,5
1605017963.820010,5
1605017963.837670,5
1605017963.855179,6
1605017963.872771,6
1605017963.891321,7
1605017963.908660,7
1605017963.925747,7
1605017963.942918,8
1605017963.960332,8
1605017963.977756,9
1605017963.996473,8
1605017964.013637,8
1605017964.031642,7
1605017964.048707,6
1605017964.066730,6
1605017964.084280,7
1605017964.101329,7
1605017964.118802,8
1605017964.136907,8
1605017964.154012,8
1605017964.171376,8
1605017964.189598,8
1605017964.207088,8
1605017964.224998,6
1605017964.242947,6
1605017964.260904,6
1605017964.278383,7
1605017964.296983,7
1605017964.314141,7
1605017964.332985,7
1605017964.350765,8
1605017964.369013,8
1605017964.386846,7
1605017964.404384,7
1605017964.422400,7
1605017964.439903,8
1605017964.457608,7
1605017964.475537,7
1605017964.493060,7
1605017964.511155,7
1605017964.528750,7
1605017964.547134,8
1605017964.565276,7
1605017964.585704,7
1605017964.605124,8
1605017964.623257,8
1605017964.641091,8
1605017964.674279,8
1605017964.696772,8
1605017964.724542,10
1605017964.748781,10
1605017964.766801,10
1605017964.785348,10
1605017964.805234,10
1605017964.823287,10
1605017964.841624,8
1605017964.860037,8
1605017964.878487,8
1605017964.906562,7
1605017964.926960,7
1605017964.954473,8
1605017964.976041,9
1605017965.005394,8
1605017965.028040,9
1605017965.048702,9
1605017965.068426,8
1605017965.095757,9
1605017965.129517,8
1605017965.153661,7
1605017965.172716,9
1605017965.200536,9
1605017965.228268,9
1605017965.248121,8
1605017965.267848,9
1605017965.287171,9
1605017965.317704,9
1605017965.340124,9
1605017965.363670,9
1605017965.385228,9
1605017965.409320,8
1605017965.430154,9
1605017965.452026,9
1605017965.470361,9
1605017965.489009,8
1605017965.521347,9
1605017965.549474,10
1605017965.569192,10
1605017965.588747,9
1605017965.615382,10
1605017965.637276,8
1605017965.656415,9
1605017965.678002,9
1605017965.703938,9
1605017965.728785,9
1605017965.749996,8
1605017965.768385,9
1605017965.786382,9
1605017965.812023,8
1605017965.840227,9
1605017965.860694,8
1605017965.879560,9
1605017965.909630,9
1605017965.935582,10
1605017965.955853,10
1605017965.976061,11
1605017965.998570,13
1605017966.026008,12
1605017966.048395,13
1605017966.067954,13
1605017966.089020,14
1605017966.125292,15
1605017966.154567,13
1605017966.173205,13
1605017966.193165,14
1605017966.218622,14
1605017966.239177,13
1605017966.259814,13
1605017966.279693,13
1605017966.300386,12
1605017966.329150,12
1605017966.352277,10
1605017966.374550,11
1605017966.395697,10
1605017966.424022,11
1605017966.447544,10
1605017966.468794,11
1605017966.491653,11
1605017966.517547,11
1605017966.543317,11
1605017966.563604,9
1605017966.583082,10
1605017966.601288,10
1605017966.628964,9
1605017966.651864,12
1605017966.670846,12
1605017966.690098,12
1605017966.713252,12
1605017966.739034,12
1605017966.760578,13
1605017966.780582,13
1605017966.799043,13
1605017966.822771,12
1605017966.845456,12
1605017966.866646,13
1605017966.886186,13
1605017966.904721,12
1605017966.926581,13
1605017966.947306,12
1605017966.967077,12
1605017966.985842,11
1605017967.005195,11
1605017967.036944,10
1605017967.055953,11
1605017967.077751,12
1605017967.104703,12
1605017967.133880,11
1605017967.152865,12
1605017967.172485,13
1605017967.195651,13
1605017967.224183,13
1605017967.250707,12
1605017967.271223,12
1605017967.290524,12
1605017967.317148,13
1605017967.349276,11
1605017967.370856,12
1605017967.394676,11
1605017967.416696,12
1605017967.446548,12
1605017967.466561,13
1605017967.485393,13
1605017967.504418,12
1605017967.536964,12
1605017967.566575,12
1605017967.585423,12
1605017967.605152,11
1605017967.630852,12
1605017967.659702,12
1605017967.680381,12
1605017967.699924,12
1605017967.725239,12
1605017967.753785,11
1605017967.773756,12
1605017967.793544,12
1605017967.811473,12
1605017967.835624,12
1605017967.856491,12
1605017967.878016,12
1605017967.898841,11
1605017967.916631,12
1605017967.944801,11
1605017967.966152,12
1605017967.985312,13
1605017968.007749,12
1605017968.036897,13
1605017968.057538,12
1605017968.079561,13
1605017968.098609,13
1605017968.127436,13
1605017968.152712,12
1605017968.172718,12
1605017968.194447,12
1605017968.215981,12
1605017968.248230,12
1605017968.267389,11
1605017968.285961,11
1605017968.307055,12
1605017968.332973,11
1605017968.361201,13
1605017968.384009,12
1605017968.403810,13
1605017968.422396,13
1605017968.456907,13
1605017968.479026,12
1605017968.500660,13
1605017968.518812,13
1605017968.549108,13
1605017968.567545,13
1605017968.587852,13
1605017968.606323,12
1605017968.626127,12
1605017968.654439,13
1605017968.675516,13
1605017968.695190,13
1605017968.716817,13
1605017968.743122,13
1605017968.771180,12
1605017968.791036,13
1605017968.813454,13
1605017968.840553,13
1605017968.866472,12
1605017968.886403,13
1605017968.906959,13
1605017968.933579,13
1605017968.962083,13
1605017968.983851,13
1605017969.002270,13
1605017969.023653,13
1605017969.057807,13
1605017969.077994,13
1605017969.099564,14
1605017969.119750,14
1605017969.146176,14
1605017969.172467,14
1605017969.192028,13
1605017969.212447,14
1605017969.232647,14
1605017969.261760,14
1605017969.283488,14
1605017969.306597,14
1605017969.326102,14
1605017969.354486,14
1605017969.374587,14
1605017969.395156,14
1605017969.416194,13
1605017969.445098,15
1605017969.470488,15
1605017969.490023,15
1605017969.517747,15
1605017969.541950,15
1605017969.569857,15
1605017969.591053,15
1605017969.613316,15
1605017969.632690,15
1605017969.661682,13
1605017969.683091,14
1605017969.702782,14
1605017969.723041,13
1605017969.752916,14
1605017969.779427,14
1605017969.799801,14
1605017969.818220,14
1605017969.837346,13
1605017969.865787,14
1605017969.885631,13
1605017969.904933,14
1605017969.926270,14
1605017969.953457,14
1605017969.979663,15
1605017969.999598,14
1605017970.018244,14
1605017970.036327,15
1605017970.064704,14
1605017970.085556,15
1605017970.105217,15
1605017970.130446,16
1605017970.157188,16
1605017970.179748,16
1605017970.199311,16
1605017970.221040,15
1605017970.245543,15
1605017970.271453,15
1605017970.293959,15
1605017970.316393,15
1605017970.335279,16
1605017970.361690,15
1605017970.393397,15
1605017970.418566,15
1605017970.439794,15
1605017970.471401,14
1605017970.496472,15
1605017970.519053,14
1605017970.542195,15
1605017970.573747,15
1605017970.593434,15
1605017970.614144,14
1605017970.632574,15
1605017970.657771,15
1605017970.683807,15
1605017970.702902,15
1605017970.723788,15
1605017970.742771,14
1605017970.773808,15
1605017970.796916,15
1605017970.827062,15
1605017970.861315,15
1605017970.888943,15
1605017970.910881,16
1605017970.932664,16
1605017970.960106,16
1605017970.984924,15
1605017971.004628,16
1605017971.026682,16
1605017971.049022,15
1605017971.085160,14
1605017971.114109,19
1605017971.132793,19
1605017971.151523,20
1605017971.181754,19
1605017971.201960,20
1605017971.221047,20
1605017971.241857,20
1605017971.269739,20
1605017971.298214,20
1605017971.319689,20
1605017971.339089,19
1605017971.367337,20
1605017971.393723,20
1605017971.428530,20
1605017971.452765,20
1605017971.477121,20
1605017971.497698,19
1605017971.517231,20
1605017971.535588,20
1605017971.555103,20
1605017971.584977,20
1605017971.605533,20
1605017971.626407,19
1605017971.646062,20
1605017971.670208,20
1605017971.696267,19
1605017971.716491,20
1605017971.738062,19
1605017971.759670,20
1605017971.786266,19
1605017971.805447,20
1605017971.826343,20
1605017971.847208,20
1605017971.874362,20
1605017971.897605,19
1605017971.915979,19
1605017971.934270,20
1605017971.953024,20
1605017971.982502,19
1605017972.014843,18
1605017972.035068,19
1605017972.067511,18
1605017972.088210,20
1605017972.111495,18
1605017972.132130,17
1605017972.150528,15
1605017972.174527,14
1605017972.202266,15
1605017972.223330,17
1605017972.247277,16
1605017972.278017,16
1605017972.303500,15
1605017972.325210,16
1605017972.347246,14
1605017972.373289,14
1605017972.401491,12
1605017972.432959,10
1605017972.453250,10
1605017972.484030,8
1605017972.515961,6
1605017972.544334,6
1605017972.566873,6
1605017972.600802,6
1605017972.632063,5
1605017972.657202,6
1605017972.685676,6
1605017972.716387,6
1605017972.747541,6
1605017972.766565,7
1605017972.798326,7
1605017972.817778,7
1605017972.840278,6
1605017972.865879,7
1605017972.896984,7
1605017972.923956,8
1605017972.944860,8
1605017972.967577,7
1605017973.001208,7
1605017973.030431,7
1605017973.049814,7
1605017973.070101,8
1605017973.102005,9
1605017973.132850,9
1605017973.153241,9
1605017973.187721,9
1605017973.215436,8
1605017973.236529,8
1605017973.260373,7
1605017973.288956,7
1605017973.318548,8
1605017973.350738,8
1605017973.370802,7
1605017973.406352,7
1605017973.444403,9
1605017973.477983,9
1605017973.509077,9
1605017973.537463,10
1605017973.574621,10
1605017973.600962,10
1605017973.631768,9
1605017973.652689,10
1605017973.673348,10
1605017973.705081,10
1605017973.728697,9
1605017973.758775,9
1605017973.785363,10
1605017973.813664,10
1605017973.840010,9
1605017973.868361,10
1605017973.890456,9
1605017973.911453,10
1605017973.934151,10
1605017973.964703,10
1605017973.991931,11
1605017974.019942,10
1605017974.040795,11
1605017974.062070,11
1605017974.084058,10
1605017974.111508,11
1605017974.139644,11
1605017974.161711,9
1605017974.181029,9
1605017974.212925,9
1605017974.233031,10
1605017974.263700,9
1605017974.291325,10
1605017974.321350,11
1605017974.350839,11
1605017974.383389,12
1605017974.415684,12
1605017974.449911,11
1605017974.482111,8
1605017974.600595,7
1605017974.627252,8
1605017974.655677,8
1605017974.685102,8
1605017974.711233,6
1605017974.731665,7
1605017974.751018,7
1605017974.771708,7
1605017974.794980,7
1605017974.822044,7
1605017974.841856,6
1605017974.863214,7
1605017974.881736,7
1605017974.905758,6
1605017974.933475,7
1605017974.953224,6
1605017974.977656,7
1605017975.006247,8
1605017975.032214,8
1605017975.052639,7
1605017975.072995,8
1605017975.091858,8
1605017975.121495,8
1605017975.142406,8
1605017975.164122,7
1605017975.182272,8
1605017975.209045,8
1605017975.234377,8
1605017975.254882,8
1605017975.275731,7
1605017975.297916,8
1605017975.325702,7
1605017975.348280,8
1605017975.369452,8
1605017975.392054,8
1605017975.424086,7
1605017975.446308,8
1605017975.465488,8
1605017975.484773,8
1605017975.510841,8
1605017975.535816,7
1605017975.558037,8
1605017975.578002,8
1605017975.608762,8
1605017975.633787,8
1605017975.662423,9
1605017975.681345,8
1605017975.700382,9
1605017975.728218,8
1605017975.748225,9
1605017975.769016,9
1605017975.787034,9
1605017975.814125,9
1605017975.841409,9
1605017975.862748,9
1605017975.881227,9
1605017975.900950,9
1605017975.930065,9
1605017975.949604,9
1605017975.969987,8
1605017975.990523,9
1605017976.015185,9
1605017976.043693,9
1605017976.062427,9
1605017976.080897,9
1605017976.100938,8
1605017976.132228,9
1605017976.151187,8
1605017976.171727,9
1605017976.195201,9
1605017976.223964,9
1605017976.251265,9
1605017976.271610,9
1605017976.292322,8
1605017976.318108,10
1605017976.345493,9
1605017976.366841,10
1605017976.387900,10
1605017976.415602,10
1605017976.445461,9
1605017976.464769,10
1605017976.485200,10
1605017976.507186,10
1605017976.540407,10
1605017976.560937,10
1605017976.580528,10
1605017976.599098,9
1605017976.623893,10
1605017976.652260,9
1605017976.673024,10
1605017976.694732,10
1605017976.721558,10
1605017976.747115,9
1605017976.767412,10
1605017976.789219,10
1605017976.818197,10
1605017976.844940,10
1605017976.863906,11
1605017976.884257,11
1605017976.905830,11
1605017976.934995,11
1605017976.955698,10
1605017976.974992,11
1605017976.995240,10
1605017977.013446,10
1605017977.039419,9
1605017977.058823,10
1605017977.079234,11
1605017977.097590,11
1605017977.121493,10
1605017977.153222,11
1605017977.173342,11
1605017977.195470,11
1605017977.215418,10
1605017977.245459,11
1605017977.265289,10
1605017977.286605,11
1605017977.306648,11
1605017977.333294,11
1605017977.360272,10
1605017977.380610,11
1605017977.409720,10
1605017977.435059,11
1605017977.466855,11
1605017977.492294,10
1605017977.514747,11
1605017977.547319,11
1605017977.567465,11
1605017977.589846,10
1605017977.611305,11
1605017977.634721,10
1605017977.662233,11
1605017977.680999,11
1605017977.700096,10
1605017977.719496,11
1605017977.749104,10
1605017977.768312,11
1605017977.790283,11
1605017977.810664,11
1605017977.835755,11
1605017977.863347,10
1605017977.881762,11
1605017977.901175,12
1605017977.920190,12
1605017977.942970,11
1605017977.963798,12
1605017977.983917,12
1605017978.017099,12
1605017978.049833,12
1605017978.070738,11
1605017978.090580,11
1605017978.112213,12
1605017978.138461,11
1605017978.164276,12
1605017978.183118,12
1605017978.205691,12
1605017978.224874,12
1605017978.253451,12
1605017978.273545,12
1605017978.294590,12
1605017978.313677,11
1605017978.340941,12
1605017978.366356,12
1605017978.389228,12
1605017978.411310,11
1605017978.429791,12
1605017978.457897,12
1605017978.478184,11
1605017978.500081,12
1605017978.519037,12
1605017978.545309,12
1605017978.570452,12
1605017978.591416,12
1605017978.619533,12
1605017978.646651,12
1605017978.674271,12
1605017978.695052,12
1605017978.713348,12
1605017978.732697,11
1605017978.761912,12
1605017978.780272,12
1605017978.799476,12
1605017978.819972,13
1605017978.847987,12
1605017978.870558,13
1605017978.890733,13
1605017978.911202,12
1605017978.929934,12
1605017978.953432,13
1605017978.974018,13
1605017978.995915,13
1605017979.014283,13
1605017979.033084,13
1605017979.062084,13
1605017979.082083,13
1605017979.101552,13
1605017979.122833,12
1605017979.147624,13
1605017979.175785,12
1605017979.195288,13
1605017979.222761,13
1605017979.254017,12
1605017979.281713,13
1605017979.305504,13
1605017979.327941,13
1605017979.353687,13
1605017979.379695,12
1605017979.400656,13
1605017979.425231,13
1605017979.452395,13
1605017979.478006,12
1605017979.500578,13
1605017979.527583,12
1605017979.553566,13
1605017979.580953,13
1605017979.600497,13
1605017979.622720,12
1605017979.643212,13
1605017979.669590,12
1605017979.689581,12
1605017979.709661,13
1605017979.727989,13
1605017979.750109,13
1605017979.776113,14
1605017979.795173,14
1605017979.820228,14
1605017979.839689,14
1605017979.872920,14
1605017979.893831,14
1605017979.913250,13
1605017979.933194,14
1605017979.956946,14
1605017979.981813,14
1605017980.002544,14
1605017980.021581,14
1605017980.040882,13
1605017980.063125,14
1605017980.084159,14
1605017980.104951,14
1605017980.124474,13
1605017980.142010,14
1605017980.172178,13
1605017980.192930,14
1605017980.212152,14
1605017980.230354,14
1605017980.257640,14
1605017980.283070,13
1605017980.305362,14
1605017980.325695,14
1605017980.343811,14
1605017980.366247,13
1605017980.389387,14
1605017980.421111,14
1605017980.444450,13
1605017980.478787,13
1605017980.504104,14
1605017980.523733,14
1605017980.544655,13
1605017980.570560,14
1605017980.596035,14
1605017980.614969,14
1605017980.639390,13
1605017980.667536,14
1605017980.693861,14
1605017980.713773,14
1605017980.734134,14
1605017980.765254,15
1605017980.793059,15
1605017980.824659,15
1605017980.857166,15
1605017980.886585,15
1605017980.917381,14
1605017980.948606,14
1605017980.978442,14
1605017981.009109,15
1605017981.035754,15
1605017981.065712,15
1605017981.095125,15
1605017981.116057,16
1605017981.138184,16
1605017981.159150,16
1605017981.185992,16
1605017981.205605,15
1605017981.226716,16
1605017981.245228,16
1605017981.269547,15
1605017981.296940,16
1605017981.316979,15
1605017981.338550,15
1605017981.360314,15
1605017981.390281,16
1605017981.412985,16
1605017981.432517,15
1605017981.453331,16
1605017981.480533,15
1605017981.503566,16
1605017981.524873,16
1605017981.544067,15
1605017981.566959,16
1605017981.593009,15
1605017981.620135,16
1605017981.640383,15
1605017981.659575,14
1605017981.689078,15
1605017981.709349,14
1605017981.728171,15
1605017981.747868,15
1605017981.774867,14
1605017981.801919,15
1605017981.822221,14
1605017981.842431,16
1605017981.860640,16
1605017981.889229,16
1605017981.908470,16
1605017981.927546,16
1605017981.947355,16
1605017981.967975,15
1605017981.996965,16
1605017982.015908,15
1605017982.037148,16
1605017982.060631,16
1605017982.093957,16
1605017982.125596,16
1605017982.152983,16
1605017982.180709,15
1605017982.209381,15
1605017982.237140,16
1605017982.265555,16
1605017982.303298,16
1605017982.336515,16
1605017982.364358,16
1605017982.396855,16
1605017982.436358,16
1605017982.458880,16
1605017982.490545,16
1605017982.518105,15
1605017982.543668,16
1605017982.565331,15
1605017982.601183,16
1605017982.621263,16
1605017982.641916,16
1605017982.660457,15
1605017982.685658,16
1605017982.710827,15
1605017982.730203,16
1605017982.751257,16
1605017982.772206,16
1605017982.799691,16
1605017982.820196,16
1605017982.840843,16
1605017982.859624,16
1605017982.885809,15
1605017982.909992,16
1605017982.930065,16
1605017982.950277,15
1605017982.969311,15
1605017982.998348,17
1605017983.017932,16
1605017983.038191,17
1605017983.058005,17
1605017983.077552,17
1605017983.103039,17
1605017983.124292,17
1605017983.143969,16
1605017983.165019,17
1605017983.191487,17
1605017983.213337,17
1605017983.232485,17
1605017983.256653,17
1605017983.278672,17
1605017983.306951,17
1605017983.327952,17
1605017983.348412,17
1605017983.371015,16
1605017983.401632,17
1605017983.425919,17
1605017983.444931,17
1605017983.463616,17
1605017983.489870,17
1605017983.515825,16
1605017983.536136,17
1605017983.554725,17
1605017983.574492,17
1605017983.598036,16
1605017983.618891,17
1605017983.638629,17
1605017983.657108,17
1605017983.675646,17
1605017983.705661,17
1605017983.724776,17
1605017983.743312,16
1605017983.762487,17
1605017983.780274,17
1605017983.800105,17
1605017983.821086,17
1605017983.840663,16
1605017983.861956,17
1605017983.882686,17
1605017983.909437,17
1605017983.928287,17
1605017983.948517,17
1605017983.971343,16
1605017983.999273,17
1605017984.021702,17
1605017984.042324,17
1605017984.060240,17
1605017984.078629,17
1605017984.102942,17
1605017984.121428,17
1605017984.142143,17
1605017984.160447,17
1605017984.179067,16
1605017984.204297,18
1605017984.224573,18
1605017984.243752,17
1605017984.262572,18
1605017984.282067,18
1605017984.318283,18
1605017984.348773,18
1605017984.380573,18
1605017984.414001,18
1605017984.446686,18
1605017984.477186,18
1605017984.508847,18
1605017984.536648,17
1605017984.568227,17
1605017984.604252,18
1605017984.637600,18
1605017984.664536,17
1605017984.697768,17
1605017984.729525,17
1605017984.759664,17
1605017984.795790,18
1605017984.825354,17
1605017984.855356,18
1605017984.888849,17
1605017984.918489,18
1605017984.946628,18
1605017984.971045,17
1605017984.991822,18
1605017985.019211,17
1605017985.042232,18
1605017985.062104,18
1605017985.082900,17
1605017985.111071,18
1605017985.136781,18
1605017985.157862,18
1605017985.178111,18
1605017985.197099,17
1605017985.225159,18
1605017985.244728,17
1605017985.264302,18
1605017985.285331,18
1605017985.313151,17
1605017985.341105,17
1605017985.362036,18
1605017985.385503,18
1605017985.413815,18
1605017985.439860,17
1605017985.463748,18
1605017985.485488,19
1605017985.515170,19
1605017985.542511,19
1605017985.561968,19
1605017985.583306,18
1605017985.608278,19
1605017985.633840,18
1605017985.654851,19
1605017985.675023,19
1605017985.694284,19
1605017985.718872,19
1605017985.742007,19
1605017985.760991,18
1605017985.780303,19
1605017985.799162,19
1605017985.829696,19
1605017985.849159,19
1605017985.868866,19
1605017985.889280,18
1605017985.907727,18
1605017985.938896,18
1605017985.959760,19
1605017985.979066,19
1605017985.997416,19
1605017986.026709,19
1605017986.045859,19
1605017986.066445,19
1605017986.088917,19
1605017986.118338,18
1605017986.144187,19
1605017986.163624,18
1605017986.185474,19
1605017986.207513,19
1605017986.237212,19
1605017986.256735,19
1605017986.275224,19
1605017986.294257,18
1605017986.321791,19
1605017986.347955,19
1605017986.368902,19
1605017986.388947,19
1605017986.407531,18
1605017986.437190,19
1605017986.457067,18
1605017986.476997,19
1605017986.496353,19
1605017986.522468,18
1605017986.550583,19
1605017986.570827,18
1605017986.590748,19
1605017986.608717,19
1605017986.631138,19
1605017986.652545,19
1605017986.673406,19
1605017986.691755,19
1605017986.709624,19
1605017986.739578,19
1605017986.758811,19
1605017986.778491,18
1605017986.798058,19
1605017986.817586,20
1605017986.845152,19
1605017986.863768,20
1605017986.885090,20
1605017986.904447,20
1605017986.929959,20
1605017986.955651,19
1605017986.975845,20
1605017986.995718,20
1605017987.013767,20
1605017987.042120,20
1605017987.061610,20
1605017987.083002,20
1605017987.102412,19
1605017987.125412,20
1605017987.153914,20
1605017987.174899,20
1605017987.193865,20
1605017987.213304,20
1605017987.242578,20
1605017987.262662,19
1605017987.284675,20
1605017987.307091,20
1605017987.332942,20
1605017987.359580,19
1605017987.379690,20
1605017987.404201,20
1605017987.432918,20
1605017987.458004,19
1605017987.477629,20
1605017987.499303,20
1605017987.518965,20
1605017987.549068,20
1605017987.570515,19
1605017987.589391,20
1605017987.609956,20
1605017987.637532,19
1605017987.661751,20
1605017987.682164,19
1605017987.700624,19
1605017987.719465,20
1605017987.749584,19
1605017987.768788,20
1605017987.790127,20
1605017987.808029,20
1605017987.828244,19
1605017987.856848,20
1605017987.876696,19
1605017987.896948,20
1605017987.916198,20
1605017987.939736,20
1605017987.962234,20
1605017987.983353,20
1605017988.003573,20
1605017988.022617,19
1605017988.044871,20
1605017988.066969,20
1605017988.086950,19
1605017988.109478,20
1605017988.137749,19
1605017988.164070,20
1605017988.183964,19
1605017988.202577,20
1605017988.224977,20
1605017988.257320,20
1605017988.275462,20
1605017988.296296,19
1605017988.319031,20
1605017988.344399,19
1605017988.366993,20
1605017988.390392,20
1605017988.409883,19
1605017988.429667,20
1605017988.460145,19
1605017988.479333,20
1605017988.504673,20
1605017988.525142,19
1605017988.554434,20
1605017988.574786,20
1605017988.594480,20
1605017988.613647,20
1605017988.631683,20
1605017988.650772,19
1605017988.672372,20
1605017988.690809,20
1605017988.711854,20
1605017988.729923,20
1605017988.759558,20
1605017988.778605,20
1605017988.800336,20
1605017988.818852,20
1605017988.844624,19
1605017988.872263,19
1605017988.891267,19
1605017988.909809,17
1605017988.927447,17
1605017988.952734,16
1605017988.973042,15
1605017988.991667,13
1605017989.009903,12
1605017989.027414,12
1605017989.053330,11
1605017989.072383,10
1605017989.091013,9
1605017989.109918,10
1605017989.131258,10
1605017989.165441,10
1605017989.185198,9
1605017989.205390,11
1605017989.223734,11
1605017989.249480,10
1605017989.273783,11
1605017989.294075,11
1605017989.316675,10
1605017989.335632,11
1605017989.364748,11
1605017989.385490,11
1605017989.405144,11
1605017989.423061,11
1605017989.443237,10
1605017989.468995,11
1605017989.490090,11
1605017989.510195,10
1605017989.528664,11
1605017989.553984,11
1605017989.576073,11
1605017989.595726,11
1605017989.618395,11
1605017989.636883,10
1605017989.659202,11
1605017989.681311,11
1605017989.701028,10
1605017989.722633,11
1605017989.742229,11
1605017989.768715,10
1605017989.787847,11
1605017989.807218,11
1605017989.825219,11
1605017989.853171,11
1605017989.878466,10
1605017989.898341,11
1605017989.921786,11
1605017989.946485,10
1605017989.973376,11
1605017989.993620,10
1605017990.013513,11
1605017990.031927,12
1605017990.060981,11
1605017990.084007,12
1605017990.104236,11
1605017990.122315,11
1605017990.140394,11
1605017990.171150,12
1605017990.189543,12
1605017990.208244,12
1605017990.227438,12
1605017990.244997,12
1605017990.266567,11
1605017990.288919,12
1605017990.308370,12
1605017990.330247,11
1605017990.349398,11
1605017990.377650,12
1605017990.400978,12
1605017990.422625,12
1605017990.441639,12
1605017990.468311,12
1605017990.490598,12
1605017990.509547,11
1605017990.529229,12
1605017990.557946,12
1605017990.586300,12
1605017990.605695,11
1605017990.625370,12
1605017990.644528,12
1605017990.677196,12
1605017990.695429,12
1605017990.716819,12
1605017990.736126,11
1605017990.755407,12
1605017990.780540,12
1605017990.800508,11
1605017990.821910,12
1605017990.840391,12
1605017990.868630,11
1605017990.892466,12
1605017990.912247,11
1605017990.932102,13
1605017990.950912,13
1605017990.986256,13
1605017991.005129,13
1605017991.024984,12
1605017991.044286,12
1605017991.069618,13
1605017991.094402,13
1605017991.114363,13
1605017991.134096,13
1605017991.152549,13
1605017991.175106,13
1605017991.198681,13
1605017991.220734,12
1605017991.240365,13
1605017991.260592,13
1605017991.288986,12
1605017991.310820,13
1605017991.332897,12
1605017991.352310,13
1605017991.383853,12
1605017991.405228,13
1605017991.424380,13
1605017991.445133,12
1605017991.471893,13
1605017991.500644,12
1605017991.522112,13
1605017991.541995,12
1605017991.560382,12
1605017991.590651,12
1605017991.610565,13
1605017991.632741,13
1605017991.651058,13
1605017991.678596,13
1605017991.707328,12
1605017991.726902,13
1605017991.749348,13
1605017991.776506,13
1605017991.801671,12
1605017991.821643,13
1605017991.840612,13
1605017991.860192,13
1605017991.890797,14
1605017991.909699,14
1605017991.932157,13
1605017991.952796,14
1605017991.979763,13
1605017992.006937,14
1605017992.028511,13
1605017992.051087,14
1605017992.080996,13
1605017992.105315,14
1605017992.124450,13
1605017992.146360,14
1605017992.178228,14
1605017992.202115,14
1605017992.220891,13
1605017992.240004,13
1605017992.258120,14
1605017992.283375,14
1605017992.307856,14
1605017992.328431,14
1605017992.348684,13
1605017992.371240,14
1605017992.399504,13
1605017992.422010,14
1605017992.441577,14
1605017992.460904,14
1605017992.491554,14
1605017992.511944,13
1605017992.533482,14
1605017992.553179,14
1605017992.577707,13
1605017992.606389,14
1605017992.626000,13
1605017992.648257,14
1605017992.666956,14
1605017992.687624,14
1605017992.707853,13
1605017992.727085,14
1605017992.749598,14
1605017992.768435,14
1605017992.795039,14
1605017992.814694,14
1605017992.836519,13
1605017992.854800,14
1605017992.872782,14
1605017992.902133,14
1605017992.922438,15
1605017992.941802,15
1605017992.962819,14
1605017992.990199,15
1605017993.014580,14
1605017993.035977,15
1605017993.055297,15
1605017993.073736,15
1605017993.094173,14
1605017993.115657,15
1605017993.137138,16
1605017993.155456,16
1605017993.173238,15
1605017993.203850,16
1605017993.223228,15
1605017993.243505,16
1605017993.264155,16
1605017993.294234,16
1605017993.319798,15
1605017993.342268,16
1605017993.365168,16
1605017993.393784,15
1605017993.423189,15
1605017993.443597,15
1605017993.479793,15
1605017993.510639,15
1605017993.530884,14
1605017993.551751,15
1605017993.570326,15
1605017993.597713,15
1605017993.621935,15
1605017993.641856,15
1605017993.660741,14
1605017993.678895,15
1605017993.701385,15
1605017993.722008,15
1605017993.741932,14
1605017993.761029,15
1605017993.779489,15
1605017993.809450,15
1605017993.828485,15
1605017993.848447,15
1605017993.867464,15
1605017993.887189,14
1605017993.914725,15
1605017993.936400,14
1605017993.954733,15
1605017993.973397,16
1605017994.001156,15
1605017994.024964,16
1605017994.047630,15
1605017994.067534,16
1605017994.085359,16
1605017994.105046,16
1605017994.128772,15
1605017994.147831,16
1605017994.166894,16
1605017994.184831,16
1605017994.205716,16
1605017994.225171,15
1605017994.244790,16
1605017994.263335,16
1605017994.281760,16
1605017994.309847,16
1605017994.331353,16
1605017994.352128,16
1605017994.371349,15
1605017994.396433,16
1605017994.421776,16
1605017994.441852,16
1605017994.462356,16
1605017994.481056,16
1605017994.506630,16
1605017994.529045,16
1605017994.548540,15
1605017994.567712,16
1605017994.589113,16
1605017994.620464,16
1605017994.638960,16
1605017994.658709,16
1605017994.681320,16
1605017994.711280,15
1605017994.731242,16
1605017994.750310,16
1605017994.769123,16
1605017994.787104,16
1605017994.811620,16
1605017994.830126,16
1605017994.850666,16
1605017994.873172,15
1605017994.897056,16
1605017994.926505,16
1605017994.946873,16
1605017994.967954,15
1605017994.986082,15
1605017995.009058,16
1605017995.031873,15
1605017995.051889,16
1605017995.069552,16
1605017995.087793,16
1605017995.112445,16
1605017995.131575,16
1605017995.151721,17
1605017995.170157,17
1605017995.188663,17
1605017995.212073,16
1605017995.234384,17
1605017995.253293,17
1605017995.272525,17
1605017995.291906,16
1605017995.316780,17
1605017995.338904,16
1605017995.358313,17
1605017995.381843,17
1605017995.412952,17
1605017995.437916,16
1605017995.458727,17
1605017995.479472,17
1605017995.504814,17
1605017995.536936,16
1605017995.557782,17
1605017995.579096,17
1605017995.601048,17
1605017995.630483,16
1605017995.650156,17
1605017995.669604,17
1605017995.688051,17
1605017995.714276,16
1605017995.739017,17
1605017995.758718,16
1605017995.780286,17
1605017995.798680,17
1605017995.821370,17
1605017995.841993,16
1605017995.863875,17
1605017995.884092,17
1605017995.902052,17
1605017995.922365,16
1605017995.941363,17
1605017995.962605,17
1605017995.983443,17
1605017996.001664,16
1605017996.023820,17
1605017996.047618,17
1605017996.066616,16
1605017996.084785,16
1605017996.102982,17
1605017996.125051,17
1605017996.145654,16
1605017996.164811,16
1605017996.184544,17
1605017996.202442,17
1605017996.225969,17
1605017996.248016,17
1605017996.267527,17
1605017996.286124,17
1605017996.304353,17
1605017996.328192,16
1605017996.350841,18
1605017996.373736,17
1605017996.395823,18
1605017996.425121,17
1605017996.452583,17
1605017996.471962,17
1605017996.492280,18
1605017996.524215,18
1605017996.552521,17
1605017996.571806,18
1605017996.593410,18
1605017996.624535,18
1605017996.650696,17
1605017996.669981,18
1605017996.690954,18
1605017996.710171,18
1605017996.739712,18
1605017996.758865,18
1605017996.784063,18
1605017996.802634,18
1605017996.827969,17
1605017996.855277,18
1605017996.876913,17
1605017996.898782,18
1605017996.927122,18
1605017996.952404,18
1605017996.973367,17
1605017996.997966,18
1605017997.027999,18
1605017997.053559,17
1605017997.082878,17
1605017997.111388,19
1605017997.140794,19
1605017997.169883,19
1605017997.200891,18
1605017997.232880,18
1605017997.260467,18
1605017997.281302,19
1605017997.302778,19
1605017997.329440,18
1605017997.355482,19
1605017997.378662,19
1605017997.401705,18
1605017997.426743,17
1605017997.453317,18
1605017997.474337,17
1605017997.496124,18
1605017997.516737,18
1605017997.545613,18
1605017997.565212,18
1605017997.586177,17
1605017997.606540,19
1605017997.636210,18
1605017997.663552,19
1605017997.685122,19
1605017997.703949,19
1605017997.726695,19
1605017997.750549,19
1605017997.771790,19
1605017997.792141,19
1605017997.812536,18
1605017997.838253,19
1605017997.863126,19
1605017997.892514,18
1605017997.921382,19
1605017997.951464,19
1605017997.980639,19
1605017998.010725,19
1605017998.039574,18
1605017998.072089,18
1605017998.100775,18
1605017998.134260,18
1605017998.163733,19
1605017998.193265,19
1605017998.221788,19
1605017998.251662,19
1605017998.281541,18
1605017998.305317,19
1605017998.326591,19
1605017998.361595,18
1605017998.385649,19
1605017998.405781,19
1605017998.428793,19
1605017998.459791,18
1605017998.485618,19
1605017998.508446,19
1605017998.529577,19
1605017998.561132,19
1605017998.584746,18
1605017998.604931,18
1605017998.625331,19
1605017998.650906,18
1605017998.678291,19
1605017998.698719,18
1605017998.719631,19
1605017998.749282,18
1605017998.775954,19
1605017998.797394,18
1605017998.818044,19
1605017998.836712,19
1605017998.865593,19
1605017998.885002,19
1605017998.904197,19
1605017998.924522,18
1605017998.953147,20
1605017998.982643,20
1605017999.002820,20
1605017999.022027,19
1605017999.042568,20
1605017999.070055,19
1605017999.089384,19
1605017999.111328,20
1605017999.129638,20
1605017999.156383,19
1605017999.180661,20
1605017999.200516,19
1605017999.220008,20
1605017999.238727,20
1605017999.269236,20
1605017999.290473,20
1605017999.313365,19
1605017999.333202,20
1605017999.357603,20
1605017999.385939,20
1605017999.406382,20
1605017999.429828,20
1605017999.457175,19
1605017999.485414,20
1605017999.507149,19
1605017999.527347,19
1605017999.553681,20
1605017999.578705,20
1605017999.599915,20
1605017999.619115,19
1605017999.639547,20
1605017999.673579,20
1605017999.695350,20
1605017999.716415,19
1605017999.734416,19
1605017999.758516,20
1605017999.783994,19
1605017999.802570,20
1605017999.822512,20
1605017999.840704,20
1605017999.864969,20
1605017999.888086,20
1605017999.907243,20
1605017999.927940,19
1605017999.946692,20
1605017999.966248,20
1605017999.987826,20
1605018000.008267,19
1605018000.028377,20
1605018000.047440,20
1605018000.067600,20
1605018000.087395,19
1605018000.106749,19
1605018000.127311,20
1605018000.146041,20
1605018000.173426,20
1605018000.198718,20
1605018000.226960,20
1605018000.246789,20
1605018000.277874,20
1605018000.308925,20
1605018000.337000,20
1605018000.365764,19
1605018000.394742,19
1605018000.427883,19
1605018000.459474,19
1605018000.489567,20
1605018000.512558,20
1605018000.532450,20
1605018000.556577,19
1605018000.587778,20
1605018000.610745,20
1605018000.631894,20
1605018000.650751,20
1605018000.682224,20
1605018000.702303,19
1605018000.721841,20
1605018000.743284,20
1605018000.769413,20
1605018000.794618,20
1605018000.815949,19
1605018000.835184,20
1605018000.853613,20
1605018000.885952,20
1605018000.905113,20
1605018000.927638,19
1605018000.972247,20
1605018001.001358,19
1605018001.027028,18
1605018001.056970,17
1605018001.094706,16
1605018001.123716,13
1605018001.148920,12
1605018001.186221,10
1605018001.220329,10
1605018001.250246,9
1605018001.285574,9
1605018001.319145,10
1605018001.350580,10
1605018001.387306,11
1605018001.419748,11
1605018001.442112,11
1605018001.465300,11
1605018001.486713,11
1605018001.507988,10
1605018001.527241,10
1605018001.553536,11
1605018001.585001,11
1605018001.613958,11
1605018001.634422,11
1605018001.655131,10
1605018001.680545,11
1605018001.708517,11
1605018001.728835,11
1605018001.750661,10
1605018001.773777,11
1605018001.799102,10
1605018001.819360,11
1605018001.839763,11
1605018001.861742,11
1605018001.894364,11
1605018001.914799,10
1605018001.934765,11
1605018001.954405,11
1605018001.981844,11
1605018002.008243,11
1605018002.027985,10
1605018002.047707,11
1605018002.066893,11
1605018002.095589,11
1605018002.115984,11
1605018002.135380,11
1605018002.161306,12
1605018002.188373,11
1605018002.217551,12
1605018002.238579,12
1605018002.259806,12
1605018002.288912,11
1605018002.315244,11
1605018002.335312,11
1605018002.357816,12
1605018002.385787,12
1605018002.414303,12
1605018002.435031,12
1605018002.456311,12
1605018002.477958,11
1605018002.509149,12
1605018002.531094,12
1605018002.550533,12
1605018002.569294,12
1605018002.597659,12
1605018002.616973,12
1605018002.636572,12
1605018002.655488,11
1605018002.673910,11
1605018002.702669,12
1605018002.721714,11
1605018002.748978,12
1605018002.767161,12
1605018002.793040,12
1605018002.819062,11
1605018002.838506,12
1605018002.860001,12
1605018002.885069,11
1605018002.909789,13
1605018002.931052,12
1605018002.950636,13
1605018002.969467,13
1605018002.994552,12
1605018003.016076,13
1605018003.035438,13
1605018003.054935,14
1605018003.077446,13
1605018003.105895,14
1605018003.127309,13
1605018003.146703,13
1605018003.164721,13
1605018003.192854,12
1605018003.215913,13
1605018003.234576,13
1605018003.254255,12
