1605018113.883848,0
1605018113.910509,0
1605018113.938643,0
1605018113.956916,0
1605018113.975389,0
1605018113.995684,0
1605018114.029233,0
1605018114.047867,0
1605018114.067929,0
1605018114.086949,0
1605018114.108898,0
1605018114.132468,0
1605018114.151246,0
1605018114.170265,0
1605018114.187674,0
1605018114.206291,0
1605018114.233747,0
1605018114.254554,0
1605018114.272505,0
1605018114.289054,0
1605018114.313732,0
1605018114.338236,0
1605018114.359294,0
1605018114.377543,0
1605018114.396942,0
1605018114.421813,0
1605018114.445623,0
1605018114.463934,0
1605018114.482172,0
1605018114.499821,0
1605018114.524166,0
1605018114.543254,0
1605018114.561728,0
1605018114.579444,0
1605018114.596102,0
1605018114.621308,0
1605018114.652114,0
1605018114.671191,0
1605018114.691172,0
1605018114.722633,0
1605018114.747214,0
1605018114.767029,0
1605018114.787019,0
1605018114.805031,0
1605018114.830919,0
1605018114.849775,0
1605018114.870750,0
1605018114.888764,0
1605018114.915853,0
1605018114.946050,0
1605018114.975414,0
1605018115.005270,0
1605018115.038362,0
1605018115.058568,0
1605018115.082456,0
1605018115.110658,0
1605018115.138271,0
1605018115.161590,0
1605018115.181806,0
1605018115.201849,0
1605018115.225882,0
1605018115.249849,0
1605018115.270570,0
1605018115.289811,0
1605018115.310998,0
1605018115.340892,0
1605018115.359272,0
1605018115.378922,0
1605018115.399483,0
1605018115.428794,0
1605018115.453889,0
1605018115.472334,0
1605018115.490793,0
1605018115.517578,0
1605018115.545102,0
1605018115.565870,0
1605018115.586836,0
1605018115.605325,0
1605018115.628092,0
1605018115.653044,0
1605018115.671718,0
1605018115.691833,0
1605018115.712082,0
1605018115.737592,0
1605018115.762170,0
1605018115.782645,0
1605018115.804739,0
1605018115.829806,0
1605018115.857405,0
1605018115.878333,0
1605018115.899575,0
1605018115.920383,0
1605018115.949874,0
1605018115.973327,0
1605018115.991269,0
1605018116.009906,0
1605018116.036821,0
1605018116.062074,0
1605018116.094889,0
1605018116.121678,0
1605018116.158578,0
1605018116.192941,0
1605018116.225123,0
1605018116.255042,0
1605018116.282602,0
1605018116.314343,0
1605018116.344558,0
1605018116.385393,0
1605018116.410570,0
1605018116.432799,0
1605018116.463517,0
1605018116.493690,0
1605018116.514299,0
1605018116.542264,0
1605018116.569498,0
1605018116.588970,0
1605018116.612361,0
1605018116.640220,0
1605018116.670305,0
1605018116.690259,0
1605018116.722889,0
1605018116.753414,0
1605018116.782618,0
1605018116.846076,0
1605018116.873982,0
1605018116.901879,0
1605018116.927341,0
1605018116.958120,0
1605018116.989508,0
1605018117.015601,0
1605018117.043248,0
1605018117.074539,0
1605018117.102801,0
1605018117.128607,0
1605018117.161983,0
1605018117.190891,0
1605018117.216038,0
1605018117.245999,0
1605018117.273997,0
1605018117.304091,0
1605018117.322807,0
1605018117.343078,0
1605018117.361867,0
1605018117.380762,0
1605018117.398922,0
1605018117.424634,0
1605018117.449219,0
1605018117.477372,0
1605018117.497556,0
1605018117.517548,0
1605018117.535715,0
1605018117.557193,0
1605018117.579571,0
1605018117.600991,0
1605018117.619697,0
1605018117.637692,0
1605018117.670268,0
1605018117.690894,0
1605018117.712402,0
1605018117.732300,0
1605018117.756633,0
1605018117.779480,0
1605018117.798755,0
1605018117.818925,0
1605018117.836745,0
1605018117.869448,0
1605018117.888276,0
1605018117.906438,0
1605018117.926290,0
1605018117.945603,0
1605018117.973802,0
1605018117.992289,0
1605018118.022463,0
1605018118.040688,0
1605018118.071116,0
1605018118.092238,0
1605018118.111331,0
1605018118.130623,0
1605018118.157531,0
1605018118.181640,0
1605018118.202704,0
1605018118.223543,0
1605018118.241578,0
1605018118.267930,0
1605018118.287259,0
1605018118.305957,0
1605018118.329238,0
1605018118.358018,0
1605018118.385007,0
1605018118.406432,0
1605018118.435982,0
1605018118.460946,0
1605018118.488377,0
1605018118.509300,0
1605018118.529554,0
1605018118.548698,0
1605018118.581318,0
1605018118.602961,0
1605018118.638884,0
1605018118.673463,0
1605018118.703455,0
1605018118.725255,0
1605018118.748137,0
1605018118.779346,0
1605018118.804301,0
1605018118.826069,0
1605018118.850776,0
1605018118.882507,0
1605018118.903381,0
1605018118.925112,0
1605018118.947362,0
1605018118.977779,0
1605018118.996936,0
1605018119.017443,0
1605018119.036194,0
1605018119.054376,0
1605018119.085150,0
1605018119.105065,0
1605018119.126809,0
1605018119.148376,0
1605018119.176303,0
1605018119.200510,0
1605018119.227185,0
1605018119.247725,0
1605018119.279582,0
1605018119.307203,0
1605018119.328202,0
1605018119.348428,0
1605018119.377031,0
1605018119.405282,0
1605018119.425467,0
1605018119.454959,0
1605018119.489151,0
1605018119.517651,0
1605018119.539766,0
1605018119.573841,0
1605018119.605108,0
1605018119.629330,0
1605018119.655836,0
1605018119.690290,0
1605018119.724388,0
1605018119.747957,0
1605018119.780342,0
1605018119.807368,0
1605018119.835248,0
1605018119.855455,0
1605018119.885961,0
1605018119.914158,0
1605018119.938608,0
1605018119.957959,0
1605018119.993305,0
1605018120.015969,0
1605018120.035686,0
1605018120.055036,0
1605018120.082322,0
1605018120.108443,0
1605018120.130327,0
1605018120.150167,0
1605018120.175123,0
1605018120.201801,0
1605018120.229189,0
1605018120.260423,0
1605018120.293549,0
1605018120.322880,0
1605018120.344503,0
1605018120.371984,0
1605018120.410582,0
1605018120.445844,0
1605018120.469698,0
1605018120.501047,0
1605018120.526940,0
1605018120.547691,0
1605018120.568301,0
1605018120.597347,0
1605018120.626543,0
1605018120.650401,0
1605018120.674270,0
1605018120.705354,0
1605018120.727502,0
1605018120.751307,0
1605018120.770031,0
1605018120.801765,0
1605018120.822676,0
1605018120.842442,0
1605018120.863890,0
1605018120.900553,0
1605018120.938333,0
1605018120.958260,0
1605018120.984605,0
1605018121.010980,0
1605018121.040452,0
1605018121.061870,0
1605018121.089865,0
1605018121.117779,0
1605018121.136674,0
1605018121.155891,0
1605018121.175543,0
1605018121.201580,0
1605018121.220935,0
1605018121.240143,0
1605018121.263333,0
1605018121.294554,0
1605018121.320569,0
1605018121.340600,0
1605018121.358989,0
1605018121.377786,0
1605018121.409727,0
1605018121.431527,0
1605018121.452745,0
1605018121.470718,0
1605018121.498575,0
1605018121.522374,0
1605018121.541476,0
1605018121.560212,0
1605018121.578327,0
1605018121.602311,0
1605018121.633217,0
1605018121.653742,0
1605018121.674809,0
1605018121.700745,0
1605018121.727918,0
1605018121.748082,0
1605018121.768823,0
1605018121.788481,0
1605018121.813737,0
1605018121.834802,0
1605018121.852994,0
1605018121.872744,0
1605018121.902457,0
1605018121.926914,0
1605018121.946117,0
1605018121.966072,0
1605018121.983529,0
1605018122.013613,0
1605018122.033174,0
1605018122.051529,0
1605018122.068685,0
1605018122.086476,0
1605018122.108485,0
1605018122.129483,0
1605018122.148908,0
1605018122.167256,0
1605018122.184768,0
1605018122.211844,0
1605018122.241955,0
1605018122.262655,0
1605018122.280882,0
1605018122.306304,0
1605018122.330833,0
1605018122.351304,0
1605018122.372088,0
1605018122.392577,0
1605018122.411113,0
1605018122.431105,0
1605018122.451088,0
1605018122.470812,0
1605018122.489391,0
1605018122.512728,0
1605018122.533687,0
1605018122.552005,0
1605018122.569525,0
1605018122.586659,0
1605018122.610344,0
1605018122.635426,0
1605018122.655450,0
1605018122.677938,0
1605018122.698925,0
1605018122.725781,0
1605018122.747975,0
1605018122.766752,0
1605018122.784262,0
1605018122.809603,0
1605018122.835404,0
1605018122.853370,0
1605018122.872454,0
1605018122.891048,0
1605018122.919214,0
1605018122.938035,0
1605018122.957212,0
1605018122.974751,0
1605018122.993363,0
1605018123.016860,0
1605018123.039035,0
1605018123.058522,0
1605018123.078299,0
1605018123.096795,0
1605018123.118246,0
1605018123.138484,0
1605018123.157065,0
1605018123.176690,0
1605018123.195136,0
1605018123.221105,0
1605018123.241113,0
1605018123.261664,0
1605018123.283012,0
1605018123.300372,0
1605018123.318967,0
1605018123.338481,0
1605018123.357049,0
1605018123.377379,0
1605018123.397924,0
1605018123.433134,0
1605018123.451890,0
1605018123.471174,0
1605018123.490030,0
1605018123.516055,0
1605018123.538325,0
1605018123.558049,0
1605018123.579764,0
1605018123.600705,0
1605018123.628505,0
1605018123.649599,0
1605018123.669317,0
1605018123.688923,0
1605018123.716890,0
1605018123.742731,1
1605018123.761916,0
1605018123.784896,0
1605018123.821344,0
1605018123.847815,0
1605018123.866921,0
1605018123.885814,0
1605018123.903631,0
1605018123.923153,0
1605018123.944479,0
1605018123.963218,0
1605018123.981759,0
1605018124.000140,0
1605018124.024383,0
1605018124.046433,0
1605018124.066345,0
1605018124.084295,0
1605018124.102302,0
1605018124.124160,0
1605018124.145809,0
1605018124.165248,0
1605018124.184803,0
1605018124.202577,0
1605018124.225464,0
1605018124.245660,0
1605018124.266167,0
1605018124.283722,0
1605018124.301621,0
1605018124.326127,0
1605018124.345735,0
1605018124.364788,0
1605018124.382648,0
1605018124.400183,0
1605018124.424681,0
1605018124.446164,0
1605018124.465751,0
1605018124.483100,0
1605018124.500592,0
1605018124.523564,0
1605018124.545563,0
1605018124.565497,0
1605018124.583589,0
1605018124.601192,0
1605018124.625240,0
1605018124.653890,0
1605018124.677614,0
1605018124.699488,0
1605018124.725527,0
1605018124.750918,0
1605018124.769493,0
1605018124.788831,0
1605018124.806425,0
1605018124.830278,0
1605018124.851049,0
1605018124.869417,0
1605018124.891101,0
1605018124.912429,0
1605018124.942052,0
1605018124.961861,0
1605018124.981495,0
1605018124.999313,0
1605018125.025814,0
1605018125.050627,0
1605018125.069546,0
1605018125.089203,0
1605018125.107634,0
1605018125.132279,0
1605018125.151281,0
1605018125.171125,0
1605018125.188794,0
1605018125.207164,0
1605018125.231434,0
1605018125.257450,0
1605018125.276515,0
1605018125.296813,0
1605018125.314680,0
1605018125.335401,0
1605018125.354044,0
1605018125.373981,0
1605018125.395399,0
1605018125.414086,0
1605018125.436841,0
1605018125.457666,0
1605018125.477574,0
1605018125.497235,0
1605018125.515416,0
1605018125.545688,0
1605018125.565161,0
1605018125.583641,0
1605018125.602189,0
1605018125.621741,0
1605018125.650904,0
1605018125.671527,0
1605018125.693790,0
1605018125.715470,0
1605018125.749315,0
1605018125.768183,0
1605018125.787885,0
1605018125.807400,0
1605018125.834527,0
1605018125.860196,0
1605018125.882488,0
1605018125.902201,0
1605018125.921837,0
1605018125.948240,0
1605018125.967505,0
1605018125.998533,0
1605018126.017158,0
1605018126.044481,0
1605018126.067866,0
1605018126.087390,0
1605018126.108793,0
1605018126.133667,0
1605018126.159732,0
1605018126.181262,0
1605018126.200485,0
1605018126.219006,0
1605018126.243702,0
1605018126.263032,0
1605018126.282183,0
1605018126.301018,0
1605018126.320453,0
1605018126.344254,0
1605018126.363612,0
1605018126.383151,0
1605018126.402252,0
1605018126.421644,0
1605018126.446208,0
1605018126.466728,0
1605018126.486166,0
1605018126.505367,0
1605018126.523235,0
1605018126.546327,0
1605018126.574321,0
1605018126.594420,0
1605018126.616850,0
1605018126.645528,0
1605018126.670167,0
1605018126.690583,0
1605018126.723211,0
1605018126.761369,0
1605018126.794952,0
1605018126.826831,0
1605018126.866344,0
1605018126.897064,0
1605018126.927120,0
1605018126.965915,0
1605018126.996434,0
1605018127.026842,0
1605018127.062910,0
1605018127.093476,0
1605018127.125633,0
1605018127.154743,0
1605018127.188071,0
1605018127.219206,0
1605018127.254212,0
1605018127.284468,0
1605018127.316563,0
1605018127.351644,0
1605018127.390301,0
1605018127.422773,0
1605018127.465589,0
1605018127.502792,0
1605018127.533068,0
1605018127.573336,0
1605018127.606166,0
1605018127.638491,0
1605018127.675421,0
1605018127.711275,0
1605018127.749456,0
1605018127.784221,0
1605018127.815674,0
1605018127.853121,0
1605018127.885046,0
1605018127.916607,0
1605018127.957852,0
1605018127.989854,0
1605018128.020810,0
1605018128.061800,0
1605018128.093266,0
1605018128.128354,0
1605018128.162964,0
1605018128.197230,0
1605018128.229450,0
1605018128.273300,0
1605018128.305821,0
1605018128.337404,0
1605018128.360610,0
1605018128.383431,0
1605018128.403415,0
1605018128.424976,0
1605018128.442832,0
1605018128.469514,0
1605018128.491297,0
1605018128.510100,0
1605018128.530454,0
1605018128.547884,0
1605018128.575688,0
1605018128.602393,0
1605018128.624349,0
1605018128.645164,0
1605018128.677799,0
1605018128.697150,0
1605018128.715770,0
1605018128.735437,1
1605018128.765083,0
1605018128.788885,0
1605018128.807835,0
1605018128.827029,0
1605018128.845388,0
1605018128.869248,0
1605018128.891162,0
1605018128.913601,0
1605018128.932090,0
1605018128.950180,0
1605018128.971762,0
1605018128.991800,0
1605018129.012626,0
1605018129.030615,0
1605018129.047858,0
1605018129.070773,0
1605018129.093803,0
1605018129.113680,0
1605018129.131299,0
1605018129.160867,0
1605018129.189568,0
1605018129.209836,0
1605018129.230507,0
1605018129.248560,0
1605018129.272088,0
1605018129.293216,0
1605018129.313718,0
1605018129.332328,0
1605018129.352056,0
1605018129.377803,0
1605018129.397962,0
1605018129.420356,0
1605018129.439614,0
1605018129.457633,0
1605018129.485393,0
1605018129.503368,0
1605018129.523820,0
1605018129.541641,0
1605018129.560053,0
1605018129.585294,0
1605018129.607286,0
1605018129.629053,0
1605018129.647181,0
1605018129.673020,0
1605018129.700637,0
1605018129.721475,0
1605018129.740950,0
1605018129.771665,0
1605018129.798977,0
1605018129.817073,0
1605018129.839919,0
1605018129.860654,0
1605018129.880870,0
1605018129.901370,0
1605018129.919936,0
1605018129.941556,0
1605018129.963330,0
1605018129.992997,0
1605018130.012444,0
1605018130.031341,0
1605018130.049503,0
1605018130.072994,0
1605018130.097564,0
1605018130.116916,0
1605018130.135628,0
1605018130.154297,0
1605018130.181826,0
1605018130.206976,0
1605018130.228848,0
1605018130.246675,0
1605018130.264518,0
1605018130.284565,0
1605018130.302430,0
1605018130.322303,0
1605018130.341742,0
1605018130.364398,0
1605018130.393838,0
1605018130.418202,0
1605018130.438083,0
1605018130.457479,0
1605018130.485404,0
1605018130.511158,0
1605018130.530822,0
1605018130.548629,0
1605018130.565939,0
1605018130.588547,0
1605018130.610609,0
1605018130.636528,0
1605018130.661888,0
1605018130.694873,0
1605018130.719309,0
1605018130.747285,0
1605018130.773555,0
1605018130.809294,0
1605018130.834398,0
1605018130.858336,0
1605018130.888603,0
1605018130.914783,0
1605018130.940278,0
1605018130.966855,0
1605018130.997027,0
1605018131.017265,0
1605018131.039079,0
1605018131.058945,0
1605018131.084123,0
1605018131.111110,0
1605018131.130363,0
1605018131.150588,0
1605018131.169386,0
1605018131.193865,0
1605018131.213260,0
1605018131.233551,0
1605018131.254368,0
1605018131.274565,0
1605018131.295984,0
1605018131.326612,0
1605018131.348403,0
1605018131.367899,0
1605018131.392956,0
1605018131.418396,0
1605018131.438424,0
1605018131.456759,0
1605018131.475731,0
1605018131.504140,0
1605018131.525426,0
1605018131.544934,0
1605018131.567351,0
1605018131.593965,0
1605018131.620922,0
1605018131.644518,0
1605018131.665612,0
1605018131.695461,0
1605018131.721944,0
1605018131.748907,0
1605018131.770058,0
1605018131.798076,0
1605018131.822326,0
1605018131.844205,0
1605018131.863919,0
1605018131.893040,0
1605018131.921131,0
1605018131.940954,0
1605018131.962958,0
1605018131.980141,0
1605018132.003642,0
1605018132.029380,0
1605018132.047328,0
1605018132.065299,0
1605018132.084686,0
1605018132.114813,0
1605018132.133917,0
1605018132.152905,0
1605018132.171274,0
1605018132.198756,0
1605018132.230057,0
1605018132.248043,0
1605018132.276586,0
1605018132.301585,0
1605018132.333058,0
1605018132.353458,0
1605018132.372102,0
1605018132.395948,0
1605018132.422184,0
1605018132.442377,0
1605018132.461703,0
1605018132.479331,0
1605018132.502848,0
1605018132.527472,0
1605018132.545981,0
1605018132.563547,0
1605018132.589672,0
1605018132.625702,0
1605018132.645948,0
1605018132.665013,0
1605018132.686375,0
1605018132.715314,0
1605018132.738038,0
1605018132.759556,0
1605018132.783442,0
1605018132.813346,0
1605018132.837863,0
1605018132.858493,0
1605018132.878147,0
1605018132.900860,0
1605018132.926371,0
1605018132.945479,0
1605018132.973222,0
1605018132.993834,0
1605018133.025636,0
1605018133.046880,0
1605018133.067759,0
1605018133.089432,0
1605018133.118532,0
1605018133.140169,0
1605018133.161109,0
1605018133.179810,0
1605018133.199198,0
1605018133.226730,0
1605018133.247555,0
1605018133.267453,0
1605018133.285223,0
1605018133.328194,6
1605018133.364272,3
1605018133.397640,8
1605018133.428768,10
1605018133.456004,10
1605018133.477983,13
1605018133.496802,14
1605018133.524276,16
1605018133.544625,17
1605018133.564176,18
1605018133.584708,18
1605018133.613196,20
1605018133.638042,20
1605018133.659435,20
1605018133.678298,20
1605018133.695964,19
1605018133.719869,20
1605018133.747679,19
1605018133.768506,20
1605018133.787704,20
1605018133.810776,19
1605018133.834781,20
1605018133.855301,20
1605018133.878131,20
1605018133.898187,20
1605018133.923726,19
1605018133.950754,20
1605018133.970335,19
1605018133.992055,20
1605018134.017511,20
1605018134.044640,20
1605018134.062595,20
1605018134.080796,20
1605018134.098931,19
1605018134.122104,20
1605018134.144317,20
1605018134.162535,20
1605018134.182026,19
1605018134.200527,20
1605018134.223427,20
1605018134.246221,19
1605018134.264976,20
1605018134.283804,20
1605018134.301410,18
1605018134.324917,19
1605018134.347816,19
1605018134.369402,18
1605018134.388994,19
1605018134.406665,18
1605018134.436367,19
1605018134.455111,18
1605018134.475518,20
1605018134.499586,20
1605018134.526887,19
1605018134.551637,20
1605018134.570432,19
1605018134.589616,20
1605018134.608034,20
1605018134.640457,20
1605018134.661061,20
1605018134.682751,19
1605018134.702987,20
1605018134.728833,20
1605018134.754403,19
1605018134.775728,20
1605018134.794836,19
1605018134.812090,19
1605018134.833239,20
1605018134.855317,20
1605018134.876087,19
1605018134.893879,19
1605018134.911285,20
1605018134.945235,19
1605018134.967042,20
1605018134.989313,19
1605018135.008815,20
1605018135.038775,20
1605018135.064737,19
1605018135.088459,20
1605018135.108811,19
1605018135.134461,19
1605018135.163013,20
1605018135.183891,19
1605018135.204406,20
1605018135.232267,19
1605018135.257194,19
1605018135.277462,20
1605018135.305184,19
1605018135.333697,19
1605018135.363319,20
1605018135.384921,19
1605018135.404656,20
1605018135.431765,20
1605018135.462055,20
1605018135.481961,19
1605018135.513627,20
1605018135.540197,19
1605018135.566849,20
1605018135.588947,18
1605018135.610121,19
1605018135.636891,19
1605018135.686139,19
1605018135.727512,18
1605018135.752936,19
1605018135.775186,19
1605018135.795761,20
1605018135.816768,20
1605018135.843098,19
1605018135.871554,20
1605018135.894377,19
1605018135.915563,19
1605018135.942497,18
1605018135.971683,17
1605018135.995267,17
1605018136.015008,18
1605018136.045118,17
1605018136.071017,17
1605018136.091728,16
1605018136.111788,15
1605018136.132115,18
1605018136.159552,19
1605018136.179310,18
1605018136.199292,19
1605018136.218597,18
1605018136.245212,18
1605018136.269035,18
1605018136.289625,18
1605018136.309782,19
1605018136.328132,19
1605018136.361419,17
1605018136.393532,16
1605018136.416159,14
1605018136.441372,13
1605018136.465701,11
1605018136.487011,10
1605018136.509548,9
1605018136.528434,10
1605018136.552718,10
1605018136.576626,10
1605018136.596771,10
1605018136.617762,10
1605018136.644780,10
1605018136.694308,10
1605018136.736089,11
1605018136.760651,11
1605018136.780372,11
1605018136.799830,10
1605018136.828734,11
1605018136.849367,11
1605018136.870993,12
1605018136.891708,12
1605018136.911510,11
1605018136.930314,11
1605018136.949779,13
1605018136.969239,13
1605018136.989969,13
1605018137.008244,12
1605018137.031870,11
1605018137.052238,11
1605018137.072849,11
1605018137.092043,10
1605018137.110705,11
1605018137.129294,11
1605018137.148787,11
1605018137.167196,11
1605018137.186124,11
1605018137.205750,10
1605018137.224124,11
1605018137.242215,11
1605018137.261236,11
1605018137.279385,11
1605018137.297217,11
1605018137.314992,11
1605018137.333044,10
1605018137.352977,11
1605018137.378706,11
1605018137.397494,10
1605018137.417403,10
1605018137.435292,11
1605018137.453808,11
1605018137.473071,11
1605018137.492038,11
1605018137.509602,11
1605018137.527156,10
1605018137.549439,11
1605018137.569189,11
1605018137.587712,11
1605018137.606702,11
1605018137.624820,10
1605018137.643091,11
1605018137.660928,11
1605018137.678767,11
1605018137.696848,11
1605018137.714851,11
1605018137.733078,11
1605018137.751743,11
1605018137.769910,11
1605018137.788813,11
1605018137.807184,12
1605018137.825574,12
1605018137.843586,13
1605018137.862281,14
1605018137.880462,14
1605018137.898457,13
1605018137.916772,13
1605018137.934932,14
1605018137.953127,15
1605018137.971873,17
1605018137.990433,17
1605018138.008850,17
1605018138.028790,17
1605018138.047064,15
1605018138.069099,16
1605018138.087737,16
1605018138.107938,16
1605018138.126386,15
1605018138.144441,14
1605018138.162378,12
1605018138.181126,13
1605018138.200080,13
1605018138.220470,14
1605018138.239014,13
1605018138.257049,14
1605018138.275779,13
1605018138.294068,14
1605018138.312601,14
1605018138.331077,14
1605018138.349161,14
1605018138.366959,14
1605018138.384572,14
1605018138.402808,14
1605018138.421488,12
1605018138.439880,12
1605018138.460212,12
1605018138.480013,13
1605018138.499601,13
1605018138.524542,13
1605018138.545316,13
1605018138.565176,13
1605018138.584543,12
1605018138.604018,13
1605018138.623444,13
1605018138.656104,15
1605018138.699515,14
1605018138.728490,15
1605018138.750455,15
1605018138.771191,15
1605018138.791997,15
1605018138.818081,15
1605018138.841627,14
1605018138.880700,13
1605018138.914394,12
1605018138.943403,13
1605018138.969615,14
1605018139.003256,14
1605018139.031109,15
1605018139.054775,15
1605018139.075977,15
1605018139.102206,15
1605018139.124760,15
1605018139.148329,15
1605018139.169593,13
1605018139.199474,14
1605018139.233175,14
1605018139.258897,13
1605018139.280730,13
1605018139.308664,13
1605018139.335387,12
1605018139.358319,13
1605018139.379235,13
1605018139.404729,13
1605018139.433275,12
1605018139.455783,13
1605018139.475953,13
1605018139.501275,13
1605018139.528852,12
1605018139.551060,13
1605018139.571551,13
1605018139.590513,12
1605018139.611668,14
1605018139.633804,15
1605018139.654075,15
1605018139.693206,17
1605018139.730749,18
1605018139.752912,17
1605018139.776443,18
1605018139.798086,18
1605018139.826803,18
1605018139.854568,18
1605018139.876192,17
1605018139.908049,16
1605018139.936921,14
1605018139.966571,13
1605018139.986906,14
1605018140.016928,13
1605018140.045252,14
1605018140.066130,13
1605018140.085726,14
1605018140.115207,14
1605018140.142363,14
1605018140.163813,14
1605018140.188741,14
1605018140.217135,14
1605018140.239579,13
1605018140.259649,14
1605018140.283283,14
1605018140.317123,14
1605018140.344202,14
1605018140.364867,14
1605018140.384544,13
1605018140.413178,14
1605018140.439692,14
1605018140.459541,14
1605018140.479225,14
1605018140.498814,13
1605018140.533788,13
1605018140.554546,14
1605018140.573864,14
1605018140.592271,15
1605018140.617617,15
1605018140.642506,16
1605018140.665690,17
1605018140.685280,17
1605018140.714394,16
1605018140.745230,19
1605018140.767552,20
1605018140.787822,20
1605018140.816733,20
1605018140.841789,19
1605018140.860612,20
1605018140.879930,20
1605018140.898880,19
1605018140.927180,19
1605018140.952621,19
1605018140.972587,17
1605018140.990673,17
1605018141.010343,18
1605018141.036624,17
1605018141.057128,18
1605018141.076117,18
1605018141.095988,18
1605018141.122298,18
1605018141.146511,18
1605018141.167001,17
1605018141.186604,18
1605018141.204949,17
1605018141.227860,16
1605018141.246195,16
1605018141.267503,16
1605018141.287538,16
1605018141.305639,16
1605018141.329376,15
1605018141.351747,16
1605018141.371228,16
1605018141.390197,16
1605018141.408342,15
1605018141.438721,16
1605018141.457958,15
1605018141.476517,15
1605018141.494923,16
1605018141.512641,16
1605018141.531598,16
1605018141.551510,17
1605018141.573008,16
1605018141.591827,16
1605018141.609457,16
1605018141.632964,16
1605018141.657870,17
1605018141.678522,17
1605018141.700228,17
1605018141.727986,18
1605018141.755620,18
1605018141.775265,18
1605018141.795802,17
1605018141.817744,17
1605018141.845116,18
1605018141.866745,17
1605018141.888089,17
1605018141.915994,17
1605018141.945582,17
1605018141.971610,18
1605018141.995790,17
1605018142.016838,18
1605018142.049408,18
1605018142.070646,18
1605018142.090493,17
1605018142.111594,17
1605018142.141218,16
1605018142.160644,17
1605018142.181725,16
1605018142.202652,16
1605018142.237756,15
1605018142.263725,16
1605018142.285288,16
1605018142.306278,16
1605018142.337117,15
1605018142.363955,16
1605018142.383937,15
1605018142.404967,16
1605018142.424744,16
1605018142.454210,16
1605018142.472672,16
1605018142.490561,16
1605018142.507931,17
1605018142.531188,16
1605018142.555476,17
1605018142.574286,17
1605018142.592383,16
1605018142.610413,16
1605018142.634255,18
1605018142.660370,18
1605018142.680331,19
1605018142.701456,19
1605018142.723385,18
1605018142.754093,18
1605018142.775681,18
1605018142.795996,18
1605018142.818258,18
1605018142.841995,18
1605018142.867838,18
1605018142.887658,17
1605018142.906661,16
1605018142.925241,17
1605018142.956923,16
1605018142.982876,17
1605018143.011202,17
1605018143.038888,17
1605018143.065339,16
1605018143.083941,16
1605018143.104146,17
1605018143.122519,17
1605018143.148016,16
1605018143.168164,17
1605018143.188359,17
1605018143.206616,17
1605018143.225165,17
1605018143.249506,17
1605018143.271695,17
1605018143.290570,17
1605018143.309017,16
1605018143.328506,17
1605018143.361816,17
1605018143.383130,17
1605018143.401872,17
1605018143.420766,16
1605018143.445735,17
1605018143.472185,16
1605018143.492244,17
1605018143.511593,17
1605018143.530041,17
1605018143.559499,17
1605018143.578095,17
1605018143.598833,16
1605018143.617419,16
1605018143.642351,18
1605018143.668355,18
1605018143.689778,18
1605018143.708778,18
1605018143.728466,17
1605018143.755954,18
1605018143.778326,17
1605018143.798181,18
1605018143.817428,19
1605018143.840904,19
1605018143.865810,19
1605018143.884996,19
1605018143.905908,18
1605018143.924233,17
1605018143.952851,18
1605018143.981200,19
1605018144.000237,19
1605018144.021011,18
1605018144.045984,19
1605018144.074129,19
1605018144.092842,20
1605018144.111662,19
1605018144.132968,18
1605018144.157139,19
1605018144.176710,19
1605018144.199263,18
1605018144.218962,19
1605018144.237100,19
1605018144.264865,17
1605018144.284055,18
1605018144.305167,18
1605018144.323305,18
1605018144.342426,18
1605018144.369441,18
1605018144.391060,18
1605018144.412757,18
1605018144.433271,18
1605018144.459872,17
1605018144.482162,18
1605018144.501599,18
1605018144.519196,18
1605018144.537712,17
1605018144.560482,18
1605018144.582325,18
1605018144.601382,17
1605018144.619634,17
1605018144.649071,19
1605018144.674931,19
1605018144.703232,20
1605018144.722702,20
1605018144.741908,20
1605018144.769553,20
1605018144.794286,20
1605018144.815611,19
1605018144.834670,20
1605018144.859769,20
1605018144.888342,20
1605018144.908278,20
1605018144.926742,18
1605018144.946701,19
1605018144.976826,17
1605018145.007635,18
1605018145.034207,18
1605018145.061670,17
1605018145.092249,17
1605018145.112006,18
1605018145.131339,18
1605018145.155224,17
1605018145.180871,18
1605018145.200928,18
1605018145.221174,17
1605018145.244403,18
1605018145.271340,17
1605018145.293494,18
1605018145.313624,18
1605018145.334066,17
1605018145.361549,18
1605018145.387013,19
1605018145.405614,19
1605018145.427183,19
1605018145.445770,18
1605018145.476767,18
1605018145.497296,19
1605018145.517812,19
1605018145.536478,19
1605018145.561280,18
1605018145.589554,19
1605018145.608236,18
1605018145.628206,19
1605018145.646112,20
1605018145.674187,19
1605018145.693523,20
1605018145.713903,20
1605018145.733097,20
1605018145.752505,19
1605018145.782068,20
1605018145.805411,20
1605018145.824785,20
1605018145.851231,19
1605018145.885884,20
1605018145.907711,20
1605018145.927632,20
1605018145.947874,18
1605018145.972624,19
1605018145.997780,19
1605018146.026052,18
1605018146.044468,18
1605018146.072100,19
1605018146.097692,19
1605018146.119704,19
1605018146.138868,18
1605018146.157187,18
1605018146.187685,19
1605018146.206689,18
1605018146.229259,19
1605018146.252275,18
1605018146.279281,19
1605018146.299804,18
1605018146.320329,19
1605018146.339750,19
1605018146.359889,19
1605018146.389507,19
1605018146.411152,19
1605018146.433303,19
1605018146.456142,19
1605018146.488553,19
1605018146.508571,19
1605018146.528604,18
1605018146.548968,19
1605018146.575075,19
1605018146.600318,19
1605018146.622223,19
1605018146.641169,19
1605018146.660185,20
1605018146.689802,19
1605018146.709857,20
1605018146.732818,20
1605018146.754440,19
1605018146.778554,20
1605018146.807267,20
1605018146.828214,20
1605018146.848404,20
1605018146.868920,19
1605018146.897859,19
1605018146.918517,19
1605018146.941646,20
1605018146.964056,18
1605018146.995539,18
1605018147.025766,19
1605018147.057870,19
1605018147.090704,19
1605018147.117067,19
1605018147.138071,19
1605018147.157018,18
1605018147.182999,19
1605018147.208012,18
1605018147.228038,19
1605018147.249436,19
1605018147.268663,19
1605018147.290610,19
1605018147.313039,19
1605018147.333854,18
1605018147.356915,20
1605018147.388126,18
1605018147.415501,17
1605018147.437011,15
1605018147.459184,13
1605018147.487472,12
1605018147.512543,10
1605018147.532387,9
1605018147.551500,10
1605018147.572305,10
1605018147.604932,10
1605018147.624471,10
1605018147.651607,11
1605018147.671880,11
1605018147.704235,11
1605018147.726331,10
1605018147.747345,11
1605018147.767760,11
1605018147.793825,11
1605018147.822708,10
1605018147.857582,10
1605018147.892982,11
1605018147.925405,11
1605018147.946905,11
1605018147.967355,10
1605018147.993778,11
1605018148.022163,11
1605018148.041878,11
1605018148.063929,10
1605018148.093148,11
1605018148.118541,11
1605018148.138226,11
1605018148.158496,11
1605018148.179801,11
1605018148.212831,10
1605018148.233893,11
1605018148.258918,10
1605018148.279071,12
1605018148.311732,12
1605018148.332092,12
1605018148.353358,11
1605018148.375352,12
1605018148.399446,12
1605018148.423562,12
1605018148.442548,12
1605018148.463660,11
1605018148.484850,10
1605018148.514034,11
1605018148.534217,10
1605018148.552939,10
1605018148.571059,11
1605018148.597105,10
1605018148.622007,11
1605018148.641614,12
1605018148.663119,11
1605018148.682272,12
1605018148.706402,12
1605018148.731199,13
1605018148.754020,13
1605018148.776288,12
1605018148.803294,13
1605018148.830622,13
1605018148.854785,13
1605018148.885587,13
1605018148.917480,12
1605018148.937507,11
1605018148.959297,12
1605018148.981044,12
1605018149.012564,12
1605018149.031845,12
1605018149.052202,11
1605018149.071644,12
1605018149.090852,12
1605018149.110963,12
1605018149.131398,11
1605018149.152351,12
1605018149.172330,12
1605018149.190713,12
1605018149.212818,11
1605018149.232780,12
1605018149.253452,12
1605018149.272218,12
1605018149.291117,12
1605018149.321598,12
1605018149.341973,11
1605018149.363091,12
1605018149.381825,12
1605018149.405273,12
1605018149.431270,12
1605018149.461920,12
1605018149.483019,12
1605018149.509193,12
1605018149.537312,11
1605018149.556534,12
1605018149.575413,12
1605018149.594576,12
1605018149.617105,11
1605018149.637753,12
1605018149.657651,13
1605018149.677610,13
1605018149.696948,12
1605018149.728162,13
1605018149.749791,14
1605018149.770211,14
1605018149.788755,14
1605018149.813046,13
1605018149.840365,14
1605018149.859941,12
1605018149.890960,13
1605018149.925663,12
1605018149.955477,12
1605018149.978087,13
1605018149.998721,13
1605018150.027408,13
1605018150.047366,13
1605018150.069542,12
1605018150.088618,13
1605018150.111546,13
1605018150.137090,13
1605018150.157791,13
1605018150.179665,13
1605018150.198701,12
1605018150.223414,13
1605018150.246405,12
1605018150.266338,13
1605018150.285661,13
1605018150.303795,13
1605018150.333584,13
1605018150.353019,13
1605018150.372571,13
1605018150.392278,12
1605018150.420960,13
1605018150.444951,13
1605018150.474320,12
1605018150.493987,13
1605018150.521600,12
1605018150.551615,13
1605018150.570661,12
1605018150.590812,13
1605018150.609713,13
1605018150.637932,13
1605018150.660767,15
1605018150.683130,14
1605018150.703065,15
1605018150.729711,15
1605018150.753210,15
1605018150.775875,15
1605018150.796662,14
1605018150.825599,15
1605018150.851198,15
1605018150.870624,14
1605018150.900214,14
1605018150.928819,14
1605018150.956202,14
1605018150.980620,14
1605018151.002233,14
1605018151.022033,13
1605018151.042419,14
1605018151.062961,14
1605018151.083502,14
1605018151.103155,13
1605018151.129704,14
1605018151.156617,14
1605018151.179696,14
1605018151.202433,13
1605018151.229251,14
1605018151.254063,14
1605018151.273934,14
1605018151.296299,13
1605018151.314887,13
1605018151.335971,14
1605018151.359101,14
1605018151.380421,13
1605018151.399267,14
1605018151.418363,14
1605018151.444904,13
1605018151.466214,14
1605018151.485611,14
1605018151.504309,14
1605018151.528723,14
1605018151.553934,14
1605018151.574857,14
1605018151.594009,14
1605018151.613867,14
1605018151.638143,13
1605018151.657073,15
1605018151.684116,15
1605018151.708756,16
1605018151.738208,16
1605018151.764685,15
1605018151.786309,16
1605018151.810395,16
1605018151.837574,16
1605018151.864570,15
1605018151.886031,15
1605018151.920815,15
1605018151.950802,15
1605018151.978167,14
1605018151.998531,15
1605018152.018951,15
1605018152.037697,15
1605018152.059077,14
1605018152.080483,15
1605018152.099248,15
1605018152.118633,15
1605018152.144938,15
1605018152.166219,15
1605018152.186655,14
1605018152.207585,15
1605018152.227113,15
1605018152.257032,15
1605018152.285240,14
1605018152.307076,15
1605018152.339375,15
1605018152.367738,15
1605018152.386601,15
1605018152.406592,15
1605018152.425729,15
1605018152.457087,15
1605018152.478102,14
1605018152.498069,15
1605018152.519491,15
1605018152.546122,15
1605018152.570463,15
1605018152.590006,14
1605018152.609130,15
1605018152.628101,15
1605018152.650439,16
1605018152.672789,16
1605018152.694392,16
1605018152.715421,16
1605018152.736146,15
1605018152.766237,16
1605018152.787142,17
1605018152.810170,17
1605018152.830215,16
1605018152.862709,17
1605018152.897531,17
1605018152.926650,16
1605018152.953034,16
1605018152.983813,16
1605018153.011044,15
1605018153.032680,16
1605018153.066728,16
1605018153.086286,16
1605018153.106920,15
1605018153.130263,16
1605018153.163653,16
1605018153.184891,16
1605018153.205525,15
1605018153.225572,16
1605018153.252517,16
1605018153.276240,16
1605018153.298137,16
1605018153.317031,15
1605018153.335907,16
1605018153.357811,16
1605018153.379357,16
1605018153.399057,15
1605018153.418214,16
1605018153.436338,16
1605018153.468821,16
1605018153.495232,15
1605018153.518060,16
1605018153.537750,16
1605018153.564460,16
1605018153.586285,16
1605018153.605665,16
1605018153.629185,16
1605018153.656780,16
1605018153.685022,17
1605018153.705230,16
1605018153.726940,17
1605018153.757860,17
1605018153.786381,16
1605018153.808761,17
1605018153.828621,17
1605018153.853523,16
1605018153.880198,17
1605018153.900949,16
1605018153.920555,17
1605018153.948142,16
1605018153.978061,17
1605018154.007286,17
1605018154.027758,16
1605018154.055104,17
1605018154.082100,17
1605018154.103930,17
1605018154.123481,16
1605018154.143228,16
1605018154.168597,17
1605018154.190149,16
1605018154.211552,17
1605018154.232380,17
1605018154.260764,17
1605018154.285514,16
1605018154.307002,17
1605018154.328320,17
1605018154.349695,16
1605018154.379236,17
1605018154.400889,16
1605018154.421429,17
1605018154.441001,17
1605018154.467443,16
1605018154.490633,17
1605018154.510156,17
1605018154.528578,16
1605018154.547758,17
1605018154.572260,17
1605018154.593999,16
1605018154.616524,17
1605018154.635314,17
1605018154.654086,18
1605018154.684864,18
1605018154.708081,17
1605018154.728134,18
1605018154.749509,18
1605018154.778276,18
1605018154.801301,18
1605018154.823100,18
1605018154.844916,18
1605018154.872291,17
1605018154.897529,18
1605018154.917220,17
1605018154.937148,17
1605018154.965423,16
1605018154.993328,17
1605018155.021965,17
1605018155.050901,17
1605018155.079142,16
1605018155.104609,17
1605018155.126032,17
1605018155.145697,18
1605018155.173299,18
1605018155.200520,18
1605018155.221306,18
1605018155.240788,17
1605018155.259333,18
1605018155.288361,17
1605018155.308420,18
1605018155.328438,18
1605018155.349600,18
1605018155.377804,18
1605018155.401241,17
1605018155.422981,18
1605018155.442490,18
1605018155.461860,19
1605018155.493232,19
1605018155.514096,18
1605018155.533217,18
1605018155.551036,19
1605018155.577831,18
1605018155.603254,19
1605018155.623550,19
1605018155.643013,18
1605018155.662223,20
1605018155.685353,20
1605018155.709496,19
1605018155.730278,20
1605018155.749771,20
1605018155.768180,19
1605018155.797258,19
1605018155.818919,20
1605018155.838795,19
1605018155.857709,19
1605018155.885844,20
1605018155.914636,20
1605018155.933983,20
1605018155.954800,19
1605018155.981966,19
1605018156.009911,19
1605018156.030237,19
1605018156.050167,18
1605018156.069055,19
1605018156.091032,19
1605018156.111951,19
1605018156.133177,18
1605018156.153317,18
1605018156.173521,18
1605018156.200646,18
1605018156.220527,18
1605018156.242025,18
1605018156.260723,17
1605018156.285583,18
1605018156.311577,17
1605018156.332189,18
1605018156.350923,18
1605018156.369474,18
1605018156.393784,19
1605018156.415821,19
1605018156.434557,19
1605018156.453608,18
1605018156.471690,18
1605018156.498605,19
1605018156.526043,19
1605018156.547110,19
1605018156.566280,18
1605018156.589591,19
1605018156.615789,18
1605018156.634441,18
1605018156.654484,20
1605018156.672946,20
1605018156.697152,19
1605018156.721150,20
1605018156.743623,19
1605018156.766296,20
1605018156.793062,20
1605018156.821503,20
1605018156.842854,19
1605018156.863117,20
1605018156.883754,20
1605018156.913326,20
1605018156.934625,20
1605018156.954755,18
1605018156.981001,19
1605018157.008119,19
1605018157.037014,19
1605018157.065370,19
1605018157.090956,19
1605018157.117709,18
1605018157.144803,19
1605018157.166063,18
1605018157.191348,19
1605018157.216973,18
1605018157.238776,19
1605018157.260006,18
1605018157.281008,19
1605018157.313762,19
1605018157.334764,19
1605018157.355814,19
1605018157.374352,18
1605018157.399632,19
1605018157.429218,19
1605018157.449604,19
1605018157.467650,19
1605018157.485903,19
1605018157.513668,19
1605018157.532353,19
1605018157.551307,18
1605018157.571125,19
1605018157.594965,19
1605018157.620461,19
1605018157.641153,19
1605018157.660668,20
1605018157.690309,20
1605018157.716750,19
1605018157.747787,19
1605018157.768922,20
1605018157.798859,19
1605018157.826306,19
1605018157.850335,20
1605018157.874181,19
1605018157.901006,20
1605018157.931048,20
1605018157.951058,20
1605018157.969639,19
1605018157.998522,19
1605018158.025860,19
1605018158.057257,19
1605018158.078910,19
1605018158.106117,18
1605018158.138237,18
1605018158.158429,19
1605018158.178481,19
1605018158.205054,19
1605018158.231082,18
1605018158.251875,19
1605018158.273214,19
1605018158.301910,19
1605018158.332960,18
1605018158.353476,18
1605018158.375780,18
1605018158.393939,18
1605018158.425359,17
1605018158.445211,16
1605018158.464370,14
1605018158.484030,13
1605018158.509485,12
1605018158.534747,11
1605018158.555767,9
1605018158.575215,10
1605018158.594267,10
1605018158.617303,9
1605018158.638111,10
1605018158.660187,11
1605018158.678616,11
1605018158.697110,11
1605018158.724943,11
1605018158.746491,11
1605018158.766689,10
1605018158.789653,11
1605018158.815110,9
1605018158.842134,10
1605018158.876372,9
1605018158.913287,9
1605018158.935527,10
1605018158.967632,10
1605018158.987375,10
1605018159.016428,11
1605018159.041270,10
1605018159.062132,11
1605018159.081538,11
1605018159.102314,10
1605018159.133761,11
1605018159.155540,11
1605018159.175864,11
1605018159.197210,11
1605018159.226554,11
1605018159.246085,11
1605018159.264876,10
1605018159.285844,11
1605018159.308832,11
1605018159.336370,11
1605018159.355921,11
1605018159.378448,10
1605018159.398300,11
1605018159.423835,11
1605018159.447619,11
1605018159.466719,11
1605018159.493065,10
1605018159.522856,11
1605018159.550937,11
1605018159.570816,10
1605018159.591438,11
1605018159.610077,11
1605018159.635506,10
1605018159.654144,11
1605018159.678691,12
1605018159.699544,12
1605018159.725775,12
1605018159.751838,11
1605018159.775246,12
1605018159.798214,11
1605018159.828048,12
1605018159.869554,11
1605018159.901266,12
1605018159.936298,12
1605018159.963016,11
1605018159.984348,12
1605018160.004082,12
1605018160.029907,12
1605018160.053264,12
1605018160.075029,11
1605018160.101003,12
1605018160.129176,12
1605018160.159899,11
1605018160.181352,12
1605018160.202595,11
1605018160.233759,11
1605018160.260387,12
1605018160.280869,12
1605018160.299817,11
1605018160.318364,11
1605018160.345828,12
1605018160.364550,11
1605018160.383801,12
1605018160.404392,12
1605018160.428271,11
1605018160.454261,12
1605018160.474175,12
1605018160.493844,11
1605018160.512706,12
1605018160.538802,12
1605018160.558113,11
1605018160.578058,12
1605018160.596792,12
1605018160.615115,12
1605018160.639855,11
1605018160.660239,13
1605018160.680644,13
1605018160.710642,13
1605018160.740763,14
1605018160.770752,14
1605018160.792486,14
1605018160.813488,14
1605018160.839254,14
1605018160.866545,12
1605018160.898811,12
1605018160.930009,12
1605018160.953159,13
1605018160.983765,12
1605018161.003577,13
1605018161.025783,12
1605018161.058219,12
1605018161.079796,13
1605018161.099304,13
1605018161.118259,13
1605018161.143051,12
1605018161.168879,13
1605018161.189402,12
1605018161.207596,13
1605018161.230011,13
1605018161.258453,13
1605018161.278407,13
1605018161.297139,13
1605018161.315634,12
1605018161.340715,13
1605018161.366092,12
1605018161.385061,13
1605018161.406098,13
1605018161.424655,13
1605018161.448112,12
1605018161.470539,13
1605018161.496380,12
1605018161.515541,13
1605018161.538794,13
1605018161.565273,13
1605018161.586629,13
1605018161.606417,12
1605018161.625093,12
1605018161.650537,13
1605018161.671773,13
1605018161.692446,15
1605018161.712918,15
1605018161.731270,15
1605018161.762062,15
1605018161.780866,15
1605018161.801441,14
1605018161.823636,15
1605018161.849094,15
1605018161.873089,14
1605018161.904969,14
1605018161.934291,13
1605018161.965561,13
1605018161.995189,14
1605018162.014431,13
1605018162.033792,14
1605018162.061986,13
1605018162.087039,14
1605018162.108176,13
1605018162.128843,14
1605018162.153571,14
1605018162.178717,14
1605018162.197848,14
1605018162.217654,14
1605018162.235786,14
1605018162.257091,14
1605018162.279107,14
1605018162.298174,14
1605018162.316845,14
1605018162.335053,13
1605018162.366231,14
1605018162.385750,13
1605018162.406609,14
1605018162.425324,14
1605018162.453020,13
1605018162.477736,14
1605018162.496608,13
1605018162.515174,13
1605018162.534051,14
1605018162.557400,14
1605018162.580752,14
1605018162.600043,14
1605018162.620141,14
1605018162.638530,14
1605018162.668613,15
1605018162.697881,16
1605018162.718021,16
1605018162.740950,15
1605018162.777871,15
1605018162.800692,16
1605018162.823904,16
1605018162.846955,16
1605018162.875077,15
1605018162.895737,15
1605018162.925306,15
1605018162.955013,15
1605018162.985224,14
1605018163.011579,15
1605018163.034301,15
1605018163.056299,15
1605018163.078790,14
1605018163.101268,15
1605018163.122570,15
1605018163.141109,15
1605018163.172071,15
1605018163.192013,14
1605018163.213498,15
1605018163.232776,15
1605018163.256943,14
1605018163.281752,15
1605018163.310298,15
1605018163.329245,15
1605018163.348025,15
1605018163.378391,15
1605018163.399719,15
1605018163.422217,15
1605018163.441636,15
1605018163.468779,14
1605018163.489465,15
1605018163.511799,15
1605018163.530473,14
1605018163.548865,14
1605018163.569659,15
1605018163.590466,15
1605018163.611114,14
1605018163.630441,15
1605018163.648370,15
1605018163.671669,16
1605018163.693742,15
1605018163.713068,16
1605018163.735479,16
1605018163.760778,15
1605018163.787529,17
1605018163.809839,17
1605018163.829967,17
1605018163.849131,17
1605018163.885213,16
1605018163.906891,16
1605018163.942076,16
1605018163.969548,15
1605018163.997654,16
1605018164.021958,16
1605018164.042176,16
1605018164.061612,16
1605018164.079945,15
1605018164.097785,15
1605018164.115901,16
1605018164.133677,16
1605018164.151742,16
1605018164.176612,15
1605018164.196849,16
1605018164.217037,16
1605018164.235149,16
1605018164.255256,16
1605018164.276630,15
1605018164.295863,16
1605018164.314486,16
1605018164.333328,16
1605018164.352400,16
1605018164.378096,16
1605018164.405045,15
1605018164.424944,16
1605018164.444923,16
1605018164.470416,15
1605018164.497169,16
1605018164.517104,15
1605018164.537130,16
1605018164.555518,16
1605018164.580291,15
1605018164.600626,15
1605018164.621748,16
1605018164.642931,16
1605018164.660744,16
1605018164.680639,17
1605018164.702896,17
1605018164.724313,17
1605018164.744844,16
1605018164.762871,17
1605018164.794189,17
1605018164.815438,17
1605018164.834943,17
1605018164.856417,16
1605018164.882253,17
1605018164.905034,16
1605018164.925702,17
1605018164.954299,16
1605018164.980614,17
1605018165.009969,17
1605018165.031976,17
1605018165.054501,17
1605018165.076082,17
1605018165.098550,16
1605018165.118444,17
1605018165.138786,17
1605018165.157688,17
1605018165.181311,16
1605018165.204480,17
1605018165.223993,17
1605018165.243744,16
1605018165.262260,16
1605018165.285510,17
1605018165.307010,16
1605018165.326443,16
1605018165.345604,17
1605018165.364413,17
1605018165.393411,17
1605018165.415536,17
1605018165.434833,17
1605018165.454903,16
1605018165.481867,17
1605018165.507158,17
1605018165.527366,17
1605018165.545420,17
1605018165.563523,17
1605018165.588529,17
1605018165.610916,17
1605018165.630357,16
1605018165.649013,16
1605018165.666824,18
1605018165.689495,18
1605018165.715291,17
1605018165.738394,18
1605018165.759278,17
1605018165.785381,18
1605018165.813959,18
1605018165.834564,18
1605018165.856924,17
1605018165.882090,18
1605018165.906579,17
1605018165.927459,18
1605018165.947931,17
1605018165.979637,17
1605018166.013494,17
1605018166.049078,17
1605018166.071080,17
1605018166.098921,16
1605018166.122792,17
1605018166.143811,18
1605018166.164646,17
1605018166.193722,18
1605018166.221228,18
1605018166.242028,18
1605018166.261323,17
1605018166.288012,18
1605018166.312896,17
1605018166.332840,18
1605018166.354765,18
1605018166.374774,17
1605018166.403205,18
1605018166.423376,17
1605018166.442857,18
1605018166.461163,18
1605018166.479023,18
1605018166.507713,18
1605018166.527053,18
1605018166.545291,18
1605018166.563876,18
1605018166.583305,17
1605018166.608599,18
1605018166.629144,18
1605018166.648694,17
1605018166.667070,18
1605018166.688926,19
1605018166.713831,18
1605018166.735495,19
1605018166.756911,19
1605018166.777160,18
1605018166.809952,18
1605018166.832052,19
1605018166.854761,19
1605018166.875623,18
1605018166.903184,19
1605018166.929516,19
1605018166.949384,19
1605018166.971395,17
1605018167.006083,18
1605018167.036701,17
1605018167.067958,18
1605018167.089580,18
1605018167.117290,17
1605018167.139496,18
1605018167.160279,18
1605018167.179094,18
1605018167.203667,18
1605018167.227984,18
1605018167.249679,18
1605018167.269481,18
1605018167.290382,18
1605018167.314797,17
1605018167.334348,18
1605018167.355282,18
1605018167.376191,17
1605018167.402126,18
1605018167.432519,19
1605018167.454573,19
1605018167.474955,18
1605018167.500695,19
1605018167.529605,19
1605018167.549506,19
1605018167.570628,18
1605018167.589633,19
1605018167.617316,19
1605018167.637288,18
1605018167.655994,19
1605018167.675673,20
1605018167.701098,19
1605018167.730862,19
1605018167.752290,20
1605018167.771263,20
1605018167.790468,20
1605018167.822573,20
1605018167.844948,19
1605018167.866362,20
1605018167.887617,20
1605018167.921141,20
1605018167.942257,19
1605018167.961128,20
1605018167.980435,19
1605018168.008703,18
1605018168.038045,19
1605018168.069398,19
1605018168.098022,19
1605018168.128926,19
1605018168.155453,19
1605018168.175750,19
1605018168.198332,19
1605018168.229838,19
1605018168.249150,18
1605018168.269875,19
1605018168.289067,19
1605018168.313156,18
1605018168.337792,19
1605018168.359496,19
1605018168.378068,18
1605018168.396035,18
1605018168.419328,19
1605018168.442230,18
1605018168.460928,18
1605018168.480380,19
1605018168.498808,19
1605018168.528886,19
1605018168.549479,19
1605018168.569995,19
1605018168.596905,19
1605018168.626751,19
1605018168.647011,19
1605018168.667333,19
1605018168.688072,19
1605018168.717703,18
1605018168.747396,19
1605018168.770404,20
1605018168.791377,20
1605018168.818320,20
1605018168.848063,19
1605018168.873369,20
1605018168.892248,20
1605018168.917075,20
1605018168.944788,20
1605018168.971912,20
1605018168.993094,19
1605018169.021878,20
1605018169.048916,20
1605018169.068487,20
1605018169.086552,20
1605018169.105541,19
1605018169.126153,20
1605018169.146534,20
1605018169.165453,20
1605018169.186016,19
1605018169.204554,20
1605018169.236964,19
1605018169.257648,20
1605018169.276330,20
1605018169.294525,20
1605018169.318424,19
1605018169.346449,20
1605018169.369462,20
1605018169.390018,20
1605018169.414551,19
1605018169.444969,19
1605018169.464009,20
1605018169.484413,20
1605018169.503272,20
1605018169.526143,19
1605018169.549345,20
1605018169.568869,20
1605018169.587287,20
1605018169.605791,19
1605018169.636842,19
1605018169.661983,20
1605018169.681127,20
1605018169.702888,19
1605018169.729971,20
1605018169.757293,20
1605018169.777301,20
1605018169.799316,19
1605018169.823758,20
1605018169.849883,19
1605018169.875024,20
1605018169.897109,19
1605018169.926680,20
1605018169.953048,20
1605018169.974186,20
1605018169.992831,19
1605018170.012228,20
1605018170.045174,19
1605018170.064683,20
1605018170.085894,20
1605018170.106918,19
1605018170.131773,20
1605018170.159699,20
1605018170.180426,20
1605018170.201500,19
1605018170.221602,19
1605018170.249725,20
1605018170.275965,20
1605018170.297083,20
1605018170.320747,20
1605018170.353766,20
1605018170.384328,19
1605018170.403840,20
1605018170.433666,20
1605018170.463450,19
1605018170.483998,20
1605018170.512966,20
1605018170.542242,20
1605018170.573458,19
1605018170.592325,19
1605018170.613194,20
1605018170.633913,20
1605018170.656256,19
1605018170.674383,19
1605018170.692290,20
1605018170.710552,20
1605018170.736173,20
1605018170.762760,20
1605018170.783994,19
1605018170.806578,19
1605018170.825656,19
1605018170.854157,18
1605018170.875352,17
1605018170.894639,16
1605018170.914750,14
1605018170.939579,13
1605018170.967878,12
1605018170.987826,11
1605018171.007519,11
1605018171.025671,9
1605018171.046639,10
1605018171.067747,10
1605018171.094697,10
1605018171.114135,11
1605018171.140910,10
1605018171.165932,11
1605018171.185737,11
1605018171.206512,10
1605018171.224852,11
1605018171.249508,11
1605018171.270044,10
1605018171.290201,11
1605018171.310171,11
1605018171.330077,11
1605018171.351710,10
1605018171.371635,11
1605018171.391012,11
1605018171.408859,11
1605018171.426625,11
1605018171.449306,10
1605018171.478054,11
1605018171.496659,11
1605018171.516788,12
1605018171.541656,12
1605018171.566030,12
1605018171.586146,12
1605018171.606931,11
1605018171.624726,11
1605018171.649166,12
1605018171.669952,12
1605018171.704741,17
1605018171.725384,18
1605018171.753009,17
1605018171.782134,18
1605018171.802798,17
1605018171.824801,19
1605018171.850163,18
1605018171.876538,18
1605018171.907894,18
1605018171.946430,19
1605018171.977352,20
1605018172.003372,20
1605018172.031878,20
1605018172.053513,19
1605018172.072903,18
1605018172.092070,19
1605018172.112201,19
1605018172.131011,19
1605018172.154456,19
1605018172.187845,20
1605018172.207299,20
1605018172.230691,19
1605018172.258584,20
1605018172.289690,20
1605018172.314733,19
1605018172.335144,20
1605018172.363969,20
1605018172.389684,20
1605018172.408695,19
1605018172.427817,19
1605018172.451032,20
1605018172.478660,20
1605018172.502344,20
1605018172.523887,19
1605018172.541976,20
1605018172.573301,19
1605018172.593624,20
1605018172.618909,19
1605018172.647178,20
1605018172.674998,19
1605018172.703621,18
1605018172.724674,16
1605018172.751011,15
1605018172.787406,15
1605018172.825122,20
1605018172.857187,19
1605018172.885333,19
1605018172.919349,18
1605018172.941823,19
1605018172.961693,20
1605018172.986297,20
1605018173.014911,20
1605018173.043702,19
1605018173.073484,17
1605018173.108267,17
1605018173.135985,16
1605018173.164609,14
1605018173.193004,12
1605018173.213608,11
1605018173.239694,10
1605018173.265262,10
1605018173.294091,9
1605018173.326132,10
1605018173.353950,11
1605018173.384951,11
1605018173.415382,10
1605018173.441489,8
1605018173.474665,8
1605018173.503134,9
1605018173.524142,8
1605018173.542643,7
1605018173.576592,7
1605018173.608999,7
1605018173.638890,7
1605018173.662631,6
1605018173.698176,9
1605018173.729203,8
1605018173.768389,10
1605018173.801568,10
1605018173.832058,9
1605018173.863486,7
1605018173.901130,4
1605018174.021284,5
1605018174.061225,5
1605018174.088930,3
1605018174.117238,4
1605018174.146922,4
1605018174.169396,3
1605018174.189065,5
1605018174.208111,5
1605018174.226581,5
1605018174.245377,5
1605018174.271769,5
1605018174.298901,4
1605018174.320048,5
1605018174.339690,5
1605018174.360009,5
1605018174.385749,5
1605018174.406373,5
1605018174.425336,4
1605018174.447832,5
1605018174.474823,4
1605018174.500595,5
1605018174.521265,5
1605018174.540701,4
1605018174.559079,5
1605018174.587791,4
1605018174.606654,4
1605018174.626189,6
1605018174.644916,6
1605018174.664507,6
1605018174.693245,6
1605018174.712858,6
1605018174.736984,6
1605018174.757861,6
1605018174.786877,6
1605018174.808267,6
1605018174.829300,6
1605018174.854437,6
1605018174.878723,5
1605018174.904703,6
1605018174.924514,6
1605018174.947378,6
1605018174.967633,6
1605018174.997943,6
1605018175.018055,6
1605018175.038122,6
1605018175.056136,5
1605018175.081273,6
1605018175.105920,5
1605018175.126199,7
1605018175.145358,7
1605018175.163335,7
1605018175.185380,6
1605018175.206475,7
1605018175.225851,7
1605018175.245263,7
1605018175.263850,7
1605018175.295942,7
1605018175.317338,6
1605018175.339065,7
1605018175.356995,7
1605018175.381446,6
1605018175.406635,7
1605018175.427403,6
1605018175.446472,6
1605018175.466364,7
1605018175.496824,7
1605018175.516675,7
1605018175.537868,7
1605018175.556648,6
1605018175.579340,7
1605018175.607377,6
1605018175.657176,6
1605018175.685582,7
1605018175.710783,8
1605018175.751282,7
1605018175.778125,8
1605018175.814120,7
1605018175.847425,7
1605018175.877255,8
1605018175.912762,7
1605018175.944426,8
1605018175.975599,8
1605018176.005003,8
1605018176.034215,8
1605018176.062648,8
1605018176.093004,7
1605018176.124457,7
1605018176.145054,8
1605018176.166448,8
1605018176.193529,8
1605018176.220315,7
1605018176.248062,8
1605018176.268290,7
1605018176.296457,8
1605018176.321041,9
1605018176.339490,9
1605018176.357759,9
1605018176.378249,9
1605018176.406676,9
1605018176.425964,9
1605018176.445576,8
1605018176.465994,9
1605018176.489331,9
1605018176.515224,9
1605018176.537112,9
1605018176.555477,9
1605018176.573277,8
1605018176.597939,9
1605018176.624989,8
1605018176.644907,9
1605018176.664107,9
1605018176.682057,9
1605018176.710604,9
1605018176.731627,9
1605018176.753930,8
1605018176.773530,9
1605018176.797569,9
1605018176.825722,9
1605018176.854702,9
1605018176.874567,9
1605018176.902773,9
1605018176.931478,8
1605018176.951559,9
1605018176.971407,9
1605018176.997571,9
1605018177.021954,10
1605018177.044102,9
1605018177.063107,10
1605018177.082758,10
1605018177.113106,10
1605018177.135103,10
1605018177.154908,10
1605018177.173521,9
1605018177.203651,10
1605018177.228030,10
1605018177.249179,10
1605018177.269762,9
1605018177.288665,9
1605018177.315941,10
1605018177.337491,10
1605018177.356226,10
1605018177.376147,10
1605018177.401332,9
1605018177.426766,10
1605018177.454579,10
1605018177.477090,10
1605018177.505152,10
1605018177.530784,9
1605018177.554935,10
1605018177.573851,10
1605018177.592601,9
1605018177.615442,10
1605018177.635322,10
1605018177.654985,10
1605018177.673473,9
1605018177.691983,10
1605018177.721871,9
1605018177.743526,10
1605018177.766039,10
1605018177.786235,10
1605018177.810631,11
1605018177.838739,11
1605018177.859534,11
1605018177.878994,11
1605018177.905892,11
1605018177.933082,10
1605018177.954724,11
1605018177.975112,11
1605018177.994602,10
1605018178.021929,11
1605018178.049211,11
1605018178.071562,11
1605018178.091205,10
1605018178.119030,11
1605018178.138813,11
1605018178.158376,10
1605018178.183180,11
1605018178.209837,11
1605018178.236884,10
1605018178.255288,10
1605018178.275898,11
1605018178.297061,11
1605018178.325013,11
1605018178.343239,11
