1605018206.444873,0
1605018206.481402,0
1605018206.510069,0
1605018206.535800,0
1605018206.557234,0
1605018206.585919,0
1605018206.605871,0
1605018206.625441,0
1605018206.642770,0
1605018206.669842,0
1605018206.693094,0
1605018206.711452,0
1605018206.728195,0
1605018206.746485,0
1605018206.769681,0
1605018206.794264,0
1605018206.813055,0
1605018206.831556,0
1605018206.849139,0
1605018206.872621,0
1605018206.895411,0
1605018206.915721,0
1605018206.937478,0
1605018206.962404,0
1605018206.991634,0
1605018207.011773,0
1605018207.035171,0
1605018207.054934,0
1605018207.082275,0
1605018207.109288,0
1605018207.143729,0
1605018207.173392,0
1605018207.202526,0
1605018207.229064,0
1605018207.256894,0
1605018207.279827,0
1605018207.313931,0
1605018207.333848,0
1605018207.354963,0
1605018207.385171,0
1605018207.409605,0
1605018207.437341,0
1605018207.469502,0
1605018207.499012,0
1605018207.528418,0
1605018207.563936,0
1605018207.606910,0
1605018207.640497,0
1605018207.660258,0
1605018207.681710,0
1605018207.708396,0
1605018207.734954,0
1605018207.765807,0
1605018207.797635,0
1605018207.825053,0
1605018207.857259,0
1605018207.893355,0
1605018207.925732,0
1605018207.957901,0
1605018207.988361,0
1605018208.013630,0
1605018208.033581,0
1605018208.077141,0
1605018208.101789,0
1605018208.132892,0
1605018208.165997,0
1605018208.197142,0
1605018208.228626,0
1605018208.261279,0
1605018208.287458,0
1605018208.314642,0
1605018208.341023,0
1605018208.373629,1
1605018208.403960,0
1605018208.433250,1
1605018208.466555,0
1605018208.497153,0
1605018208.533253,0
1605018208.553519,0
1605018208.572381,0
1605018208.598619,0
1605018208.617568,0
1605018208.638677,0
1605018208.662741,0
1605018208.691443,0
1605018208.720037,0
1605018208.739034,0
1605018208.760358,0
1605018208.789941,0
1605018208.816964,0
1605018208.837838,0
1605018208.855768,0
1605018208.877175,0
1605018208.914060,0
1605018208.937962,0
1605018208.958091,0
1605018208.977565,0
1605018209.014631,0
1605018209.037413,0
1605018209.057986,0
1605018209.076171,0
1605018209.109300,0
1605018209.130145,0
1605018209.149596,0
1605018209.170851,0
1605018209.197044,0
1605018209.222471,0
1605018209.242028,0
1605018209.266040,0
1605018209.293746,0
1605018209.322169,0
1605018209.341890,0
1605018209.360394,0
1605018209.381912,0
1605018209.413987,0
1605018209.435904,0
1605018209.455610,0
1605018209.474119,0
1605018209.498423,0
1605018209.525529,0
1605018209.545108,0
1605018209.564406,0
1605018209.583999,0
1605018209.614639,0
1605018209.635380,0
1605018209.654088,0
1605018209.671340,0
1605018209.697648,0
1605018209.722764,0
1605018209.741536,0
1605018209.761115,0
1605018209.781690,0
1605018209.811315,0
1605018209.829238,0
1605018209.857890,0
1605018209.878430,0
1605018209.905167,0
1605018209.932255,0
1605018209.954555,0
1605018209.973976,0
1605018210.001678,0
1605018210.027012,0
1605018210.049284,0
1605018210.069205,0
1605018210.087227,0
1605018210.115220,0
1605018210.134728,0
1605018210.153468,0
1605018210.170746,0
1605018210.194082,0
1605018210.221690,0
1605018210.240015,0
1605018210.258530,0
1605018210.279730,0
1605018210.309162,0
1605018210.335039,0
1605018210.354658,0
1605018210.376043,0
1605018210.403275,0
1605018210.428194,0
1605018210.453110,0
1605018210.471000,0
1605018210.488846,0
1605018210.516267,0
1605018210.535917,0
1605018210.553786,0
1605018210.571605,0
1605018210.589465,0
1605018210.612616,0
1605018210.633591,0
1605018210.653155,0
1605018210.671328,0
1605018210.690062,0
1605018210.718522,0
1605018210.737075,0
1605018210.755521,0
1605018210.774025,0
1605018210.791355,0
1605018210.814938,0
1605018210.836717,0
1605018210.854929,0
1605018210.873698,0
1605018210.892071,0
1605018210.919092,0
1605018210.940089,0
1605018210.960335,0
1605018210.981179,0
1605018211.009587,0
1605018211.037010,0
1605018211.064436,0
1605018211.083713,0
1605018211.109349,0
1605018211.137237,0
1605018211.155346,0
1605018211.177253,0
1605018211.203838,0
1605018211.229394,0
1605018211.249213,0
1605018211.269440,0
1605018211.286828,0
1605018211.313902,0
1605018211.337723,0
1605018211.358118,0
1605018211.379646,0
1605018211.398324,0
1605018211.420910,0
1605018211.440354,0
1605018211.459143,0
1605018211.478780,0
1605018211.498689,0
1605018211.526874,0
1605018211.546039,0
1605018211.565459,0
1605018211.583332,0
1605018211.601061,0
1605018211.622210,0
1605018211.641106,0
1605018211.667637,0
1605018211.686433,0
1605018211.704770,0
1605018211.737985,0
1605018211.758726,0
1605018211.778792,0
1605018211.796821,0
1605018211.820479,0
1605018211.842240,0
1605018211.862607,0
1605018211.882481,0
1605018211.900671,0
1605018211.926401,0
1605018211.948118,0
1605018211.970834,0
1605018211.989091,0
1605018212.006819,0
1605018212.038785,0
1605018212.060385,0
1605018212.079861,0
1605018212.098119,0
1605018212.122627,0
1605018212.146696,0
1605018212.167264,0
1605018212.185921,0
1605018212.203378,0
1605018212.230712,0
1605018212.255489,0
1605018212.274490,0
1605018212.295270,0
1605018212.321242,0
1605018212.346323,0
1605018212.367144,0
1605018212.385363,0
1605018212.402579,0
1605018212.426458,0
1605018212.447533,0
1605018212.468829,0
1605018212.486318,0
1605018212.503889,0
1605018212.527008,0
1605018212.549796,0
1605018212.568575,0
1605018212.585956,0
1605018212.603482,0
1605018212.626693,0
1605018212.652214,0
1605018212.678608,0
1605018212.697855,0
1605018212.721426,0
1605018212.746883,0
1605018212.766742,0
1605018212.785151,0
1605018212.802431,0
1605018212.831321,0
1605018212.870642,0
1605018212.893820,0
1605018212.923257,0
1605018212.961271,0
1605018212.982943,0
1605018213.004854,0
1605018213.034415,0
1605018213.060458,0
1605018213.081673,0
1605018213.101990,0
1605018213.133167,0
1605018213.158388,0
1605018213.186570,0
1605018213.205595,0
1605018213.234050,0
1605018213.263281,0
1605018213.282614,0
1605018213.306798,0
1605018213.334348,0
1605018213.358709,0
1605018213.378635,0
1605018213.399527,0
1605018213.419894,0
1605018213.453878,0
1605018213.475028,0
1605018213.495674,0
1605018213.514668,0
1605018213.545699,0
1605018213.566560,0
1605018213.585976,0
1605018213.607662,0
1605018213.637183,0
1605018213.661824,0
1605018213.681126,0
1605018213.700980,0
1605018213.729091,0
1605018213.754752,0
1605018213.777426,0
1605018213.796858,0
1605018213.815885,0
1605018213.839452,0
1605018213.861632,0
1605018213.882499,0
1605018213.902325,0
1605018213.920664,0
1605018213.943990,0
1605018213.967593,0
1605018213.989121,0
1605018214.010570,0
1605018214.035599,0
1605018214.061904,0
1605018214.084394,0
1605018214.103544,0
1605018214.122207,0
1605018214.151044,0
1605018214.178291,0
1605018214.197567,0
1605018214.216685,0
1605018214.244859,0
1605018214.276996,0
1605018214.296806,0
1605018214.316908,0
1605018214.341609,0
1605018214.369715,0
1605018214.389508,0
1605018214.410400,0
1605018214.429169,0
1605018214.448931,0
1605018214.471305,0
1605018214.489903,0
1605018214.510171,0
1605018214.528833,0
1605018214.557615,0
1605018214.576484,0
1605018214.596275,0
1605018214.614439,0
1605018214.632471,0
1605018214.657461,0
1605018214.677896,0
1605018214.697190,0
1605018214.714819,0
1605018214.734092,0
1605018214.751613,0
1605018214.771795,0
1605018214.790637,0
1605018214.810459,0
1605018214.829815,0
1605018214.852417,0
1605018214.874815,0
1605018214.895296,0
1605018214.914948,0
1605018214.932980,0
1605018214.962039,0
1605018214.984786,0
1605018215.004411,0
1605018215.025247,0
1605018215.050599,0
1605018215.075807,0
1605018215.095082,0
1605018215.114909,0
1605018215.133322,0
1605018215.161456,0
1605018215.179963,0
1605018215.199422,0
1605018215.226746,0
1605018215.253144,0
1605018215.277608,0
1605018215.297215,0
1605018215.318115,0
1605018215.335397,0
1605018215.357646,0
1605018215.381248,0
1605018215.401017,0
1605018215.419341,0
1605018215.437526,0
1605018215.469246,0
1605018215.487954,0
1605018215.509753,0
1605018215.529621,0
1605018215.554613,0
1605018215.576862,0
1605018215.597435,0
1605018215.617434,0
1605018215.635673,0
1605018215.660456,0
1605018215.680149,0
1605018215.700709,0
1605018215.719126,0
1605018215.743326,0
1605018215.769575,0
1605018215.789847,0
1605018215.810965,0
1605018215.829575,0
1605018215.853893,0
1605018215.880180,0
1605018215.900281,0
1605018215.918126,0
1605018215.935675,0
1605018215.958636,0
1605018215.985596,0
1605018216.005752,0
1605018216.029109,0
1605018216.056182,0
1605018216.082291,0
1605018216.103548,0
1605018216.123888,0
1605018216.146305,0
1605018216.182261,0
1605018216.201655,0
1605018216.220861,0
1605018216.240111,0
1605018216.264427,0
1605018216.293784,0
1605018216.312834,0
1605018216.333297,0
1605018216.353109,0
1605018216.382171,0
1605018216.401420,0
1605018216.420893,0
1605018216.442160,0
1605018216.477337,0
1605018216.495828,0
1605018216.517910,0
1605018216.536115,0
1605018216.560987,0
1605018216.588136,0
1605018216.608579,0
1605018216.630063,0
1605018216.648245,0
1605018216.670158,0
1605018216.688462,0
1605018216.715064,0
1605018216.742544,0
1605018216.775828,4
1605018216.803066,7
1605018216.833369,8
1605018216.853382,10
1605018216.875181,11
1605018216.893997,12
1605018216.912736,12
1605018216.931346,13
1605018216.949893,16
1605018216.985214,18
1605018217.005826,19
1605018217.028260,19
1605018217.047961,20
1605018217.072612,20
1605018217.101276,20
1605018217.121275,20
1605018217.142384,19
1605018217.165734,20
1605018217.189998,19
1605018217.210197,20
1605018217.231673,20
1605018217.250356,20
1605018217.275304,20
1605018217.298845,20
1605018217.326376,20
1605018217.347912,20
1605018217.374030,20
1605018217.403056,20
1605018217.425352,20
1605018217.445152,20
1605018217.467726,19
1605018217.493642,20
1605018217.516168,20
1605018217.534863,20
1605018217.553082,20
1605018217.578569,19
1605018217.600805,20
1605018217.619832,20
1605018217.640528,19
1605018217.658963,19
1605018217.688322,20
1605018217.707181,19
1605018217.726804,19
1605018217.746393,18
1605018217.765875,19
1605018217.793688,19
1605018217.814187,18
1605018217.835122,18
1605018217.855759,19
1605018217.879189,18
1605018217.901973,18
1605018217.929146,20
1605018217.951598,20
1605018217.978913,20
1605018218.007750,20
1605018218.031894,20
1605018218.051105,20
1605018218.076542,19
1605018218.103847,19
1605018218.126104,19
1605018218.148777,20
1605018218.176061,19
1605018218.203554,20
1605018218.233361,19
1605018218.254796,19
1605018218.286294,20
1605018218.310653,19
1605018218.332580,20
1605018218.350842,19
1605018218.369201,19
1605018218.401715,19
1605018218.430042,20
1605018218.450295,20
1605018218.469699,20
1605018218.500900,20
1605018218.521587,19
1605018218.550188,20
1605018218.572429,20
1605018218.605278,19
1605018218.625259,19
1605018218.644576,19
1605018218.666549,19
1605018218.691069,20
1605018218.720036,19
1605018218.740272,19
1605018218.758943,19
1605018218.786222,20
1605018218.811960,19
1605018218.833077,20
1605018218.852332,19
1605018218.871850,20
1605018218.897519,20
1605018218.918150,19
1605018218.939342,20
1605018218.959022,19
1605018218.977941,20
1605018219.012102,19
1605018219.033696,20
1605018219.053916,19
1605018219.073191,20
1605018219.096562,19
1605018219.120452,19
1605018219.142099,19
1605018219.160323,19
1605018219.190521,18
1605018219.219904,20
1605018219.242655,19
1605018219.262967,20
1605018219.285685,20
1605018219.314587,20
1605018219.334597,19
1605018219.355627,20
1605018219.375430,20
1605018219.399534,19
1605018219.419870,18
1605018219.441566,18
1605018219.462150,19
1605018219.482662,18
1605018219.509765,16
1605018219.538885,17
1605018219.560050,17
1605018219.580603,17
1605018219.609606,19
1605018219.632080,19
1605018219.651928,18
1605018219.671962,19
1605018219.700952,18
1605018219.727364,18
1605018219.748358,18
1605018219.768126,19
1605018219.788093,17
1605018219.817065,15
1605018219.836698,14
1605018219.862375,12
1605018219.883606,12
1605018219.918094,9
1605018219.938363,10
1605018219.960318,10
1605018219.987578,10
1605018220.020844,10
1605018220.056253,10
1605018220.077290,10
1605018220.105328,10
1605018220.135433,10
1605018220.158591,10
1605018220.178583,9
1605018220.208270,10
1605018220.234619,10
1605018220.257366,9
1605018220.276708,10
1605018220.309693,9
1605018220.337164,9
1605018220.356671,9
1605018220.375709,11
1605018220.400905,11
1605018220.425570,11
1605018220.446871,11
1605018220.466782,10
1605018220.485495,10
1605018220.511584,11
1605018220.532310,10
1605018220.552428,11
1605018220.570302,11
1605018220.595954,11
1605018220.627589,10
1605018220.652113,11
1605018220.674521,11
1605018220.693847,10
1605018220.721942,11
1605018220.742449,10
1605018220.763811,11
1605018220.782283,11
1605018220.802197,11
1605018220.828854,11
1605018220.849592,11
1605018220.869360,11
1605018220.890211,10
1605018220.915108,11
1605018220.940275,11
1605018220.960950,11
1605018220.980876,11
1605018221.000131,10
1605018221.029912,11
1605018221.051945,11
1605018221.074342,11
1605018221.093437,11
1605018221.118398,11
1605018221.141366,11
1605018221.173693,11
1605018221.192775,11
1605018221.218886,12
1605018221.246207,12
1605018221.265447,12
1605018221.284675,12
1605018221.303477,12
1605018221.332964,12
1605018221.353228,12
1605018221.375423,12
1605018221.393504,12
1605018221.419993,11
1605018221.449184,12
1605018221.470165,11
1605018221.491802,12
1605018221.510892,12
1605018221.538049,12
1605018221.559143,12
1605018221.580000,11
1605018221.600126,11
1605018221.635481,12
1605018221.654826,12
1605018221.675199,12
1605018221.694997,11
1605018221.717771,12
1605018221.741868,12
1605018221.763319,12
1605018221.782160,12
1605018221.801406,12
1605018221.827574,11
1605018221.849074,12
1605018221.868438,12
1605018221.892034,12
1605018221.919065,11
1605018221.951380,12
1605018221.974486,12
1605018222.000593,11
1605018222.026750,12
1605018222.056380,12
1605018222.080717,13
1605018222.102424,13
1605018222.139347,13
1605018222.160097,13
1605018222.180218,12
1605018222.199195,13
1605018222.228933,12
1605018222.254990,13
1605018222.276320,12
1605018222.299250,13
1605018222.323912,13
1605018222.349433,13
1605018222.369616,13
1605018222.390277,12
1605018222.408209,12
1605018222.435041,13
1605018222.458120,13
1605018222.478840,13
1605018222.498630,13
1605018222.521649,13
1605018222.550650,12
1605018222.573570,13
1605018222.595603,13
1605018222.615608,12
1605018222.649090,13
1605018222.678866,13
1605018222.698291,12
1605018222.721115,13
1605018222.751375,13
1605018222.772420,13
1605018222.793738,12
1605018222.813838,13
1605018222.838251,13
1605018222.858506,12
1605018222.879374,13
1605018222.898232,13
1605018222.916363,13
1605018222.948023,13
1605018222.971014,12
1605018222.993082,13
1605018223.014001,13
1605018223.038162,13
1605018223.066703,13
1605018223.090607,14
1605018223.110081,14
1605018223.139394,14
1605018223.168970,13
1605018223.191660,14
1605018223.214135,13
1605018223.241119,14
1605018223.267257,14
1605018223.289649,14
1605018223.310640,13
1605018223.337751,14
1605018223.366834,15
1605018223.396617,14
1605018223.425714,14
1605018223.456188,14
1605018223.482537,15
1605018223.503347,14
1605018223.526830,15
1605018223.558511,15
1605018223.579896,15
1605018223.600076,13
1605018223.619452,13
1605018223.653187,13
1605018223.678403,14
1605018223.706003,14
1605018223.726218,14
1605018223.756248,14
1605018223.777291,13
1605018223.797252,13
1605018223.817271,14
1605018223.845177,13
1605018223.868930,14
1605018223.888449,14
1605018223.908146,13
1605018223.927094,14
1605018223.958491,13
1605018223.985715,14
1605018224.008248,14
1605018224.031097,14
1605018224.066026,15
1605018224.089007,15
1605018224.111641,15
1605018224.132480,14
1605018224.159738,15
1605018224.179914,15
1605018224.201673,15
1605018224.224833,15
1605018224.251352,15
1605018224.276507,15
1605018224.296040,14
1605018224.314487,15
1605018224.333357,15
1605018224.363922,14
1605018224.383047,16
1605018224.405986,16
1605018224.425199,15
1605018224.449929,16
1605018224.475800,15
1605018224.497324,16
1605018224.515775,16
1605018224.534122,16
1605018224.566344,16
1605018224.585944,15
1605018224.606212,16
1605018224.625219,15
1605018224.651296,14
1605018224.681649,15
1605018224.708981,15
1605018224.734486,14
1605018224.766759,14
1605018224.787919,15
1605018224.808639,15
1605018224.831793,15
1605018224.859535,14
1605018224.883459,15
1605018224.903713,15
1605018224.923259,15
1605018224.945354,15
1605018224.977561,14
1605018225.001192,15
1605018225.023952,14
1605018225.044056,15
1605018225.077215,14
1605018225.101265,15
1605018225.123753,16
1605018225.143873,16
1605018225.175419,16
1605018225.197338,16
1605018225.219110,16
1605018225.241131,16
1605018225.266163,15
1605018225.288486,16
1605018225.308519,16
1605018225.331536,15
1605018225.358287,16
1605018225.388275,17
1605018225.410817,16
1605018225.430838,17
1605018225.452147,17
1605018225.485792,17
1605018225.507873,16
1605018225.530860,17
1605018225.556900,16
1605018225.582760,17
1605018225.603446,16
1605018225.623833,17
1605018225.645589,16
1605018225.681788,16
1605018225.710730,16
1605018225.730135,16
1605018225.752773,16
1605018225.786144,16
1605018225.809829,16
1605018225.832344,15
1605018225.858180,16
1605018225.887252,16
1605018225.910237,16
1605018225.931076,16
1605018225.952306,16
1605018225.981382,16
1605018226.007535,15
1605018226.034939,16
1605018226.055801,15
1605018226.086328,16
1605018226.111666,16
1605018226.134622,16
1605018226.156776,16
1605018226.190113,16
1605018226.214009,16
1605018226.236953,15
1605018226.257815,16
1605018226.285962,17
1605018226.307374,17
1605018226.328880,17
1605018226.351342,17
1605018226.388690,18
1605018226.416838,18
1605018226.439345,18
1605018226.473144,18
1605018226.503489,18
1605018226.525676,17
1605018226.546458,18
1605018226.571592,18
1605018226.599130,18
1605018226.621812,17
1605018226.643046,18
1605018226.662232,17
1605018226.697377,17
1605018226.727514,17
1605018226.748653,17
1605018226.778996,17
1605018226.810624,17
1605018226.832164,16
1605018226.854403,17
1605018226.880771,16
1605018226.905037,17
1605018226.928846,16
1605018226.950207,17
1605018226.983110,17
1605018227.015078,17
1605018227.041950,16
1605018227.066354,17
1605018227.099841,17
1605018227.122667,16
1605018227.145990,17
1605018227.169281,17
1605018227.197127,17
1605018227.217399,17
1605018227.240455,17
1605018227.260808,17
1605018227.291069,16
1605018227.311546,17
1605018227.332834,16
1605018227.354727,17
1605018227.382764,17
1605018227.409010,18
1605018227.432361,18
1605018227.454702,18
1605018227.482554,19
1605018227.510683,18
1605018227.532369,19
1605018227.554425,19
1605018227.585146,19
1605018227.615471,19
1605018227.638756,18
1605018227.660033,18
1605018227.686377,18
1605018227.713698,18
1605018227.734167,18
1605018227.755269,17
1605018227.778164,18
1605018227.807312,17
1605018227.828635,18
1605018227.849596,17
1605018227.870373,18
1605018227.901826,17
1605018227.923223,18
1605018227.946262,17
1605018227.966807,18
1605018227.998025,17
1605018228.019315,18
1605018228.042694,18
1605018228.062344,17
1605018228.089744,18
1605018228.116486,18
1605018228.137872,18
1605018228.156960,17
1605018228.187551,18
1605018228.215008,18
1605018228.236835,17
1605018228.260422,18
1605018228.289034,17
1605018228.314856,18
1605018228.336566,17
1605018228.358290,18
1605018228.381382,18
1605018228.408198,19
1605018228.430452,18
1605018228.452302,19
1605018228.473885,19
1605018228.505177,19
1605018228.525828,19
1605018228.548129,19
1605018228.571333,19
1605018228.595896,19
1605018228.620648,19
1605018228.641378,18
1605018228.660780,18
1605018228.689090,18
1605018228.715077,18
1605018228.743284,18
1605018228.775756,19
1605018228.809643,19
1605018228.838832,18
1605018228.860616,19
1605018228.878809,19
1605018228.907553,19
1605018228.928209,19
1605018228.950128,18
1605018228.971623,19
1605018228.999299,18
1605018229.025533,19
1605018229.048030,18
1605018229.068892,19
1605018229.095789,18
1605018229.121158,19
1605018229.143686,18
1605018229.162674,18
1605018229.181519,19
1605018229.205926,19
1605018229.227042,19
1605018229.245264,19
1605018229.267913,19
1605018229.292528,19
1605018229.318084,19
1605018229.338402,18
1605018229.359585,19
1605018229.382308,20
1605018229.411449,20
1605018229.432611,19
1605018229.452399,19
1605018229.471461,20
1605018229.490875,20
1605018229.521236,20
1605018229.542056,20
1605018229.560884,19
1605018229.579585,19
1605018229.603620,20
1605018229.630127,20
1605018229.649482,20
1605018229.667605,20
1605018229.686480,19
1605018229.719307,19
1605018229.746053,19
1605018229.767714,20
1605018229.789730,19
1605018229.821209,19
1605018229.841902,20
1605018229.861825,20
1605018229.883600,20
1605018229.909569,20
1605018229.932498,20
1605018229.954402,20
1605018229.980906,20
1605018230.013670,20
1605018230.047334,19
1605018230.071416,20
1605018230.092672,19
1605018230.122845,20
1605018230.143389,20
1605018230.163813,19
1605018230.182757,20
1605018230.209888,19
1605018230.233788,20
1605018230.253763,20
1605018230.277481,19
1605018230.300225,20
1605018230.328471,20
1605018230.350204,20
1605018230.371580,20
1605018230.393469,20
1605018230.425555,20
1605018230.444749,20
1605018230.463977,20
1605018230.484195,19
1605018230.509069,20
1605018230.533720,19
1605018230.554255,20
1605018230.584094,19
1605018230.609354,20
1605018230.635840,20
1605018230.655578,20
1605018230.678571,20
1605018230.701885,19
1605018230.737625,19
1605018230.769612,19
1605018230.792646,18
1605018230.821438,19
1605018230.846316,19
1605018230.867293,19
1605018230.891355,18
1605018230.920237,19
1605018230.948997,19
1605018230.970155,18
1605018230.992493,18
1605018231.017999,19
1605018231.043448,18
1605018231.065737,18
1605018231.087475,16
1605018231.109353,14
1605018231.142274,12
1605018231.166226,11
1605018231.188906,9
1605018231.209198,10
1605018231.241280,10
1605018231.262696,9
1605018231.283308,10
1605018231.304469,10
1605018231.337385,10
1605018231.358193,9
1605018231.381705,11
1605018231.403935,11
1605018231.437732,11
1605018231.458369,11
1605018231.480505,11
1605018231.500254,11
1605018231.526546,11
1605018231.558997,9
1605018231.588443,9
1605018231.621301,9
1605018231.653579,9
1605018231.676352,11
1605018231.699301,10
1605018231.728722,11
1605018231.755976,11
1605018231.785249,10
1605018231.807147,11
1605018231.840137,11
1605018231.861408,10
1605018231.882044,11
1605018231.904246,11
1605018231.930874,11
1605018231.960941,10
1605018231.984533,11
1605018232.007193,10
1605018232.034526,11
1605018232.062671,11
1605018232.085007,10
1605018232.107923,11
1605018232.133682,10
1605018232.162443,11
1605018232.182597,10
1605018232.203693,11
1605018232.234646,11
1605018232.259757,11
1605018232.280218,10
1605018232.299987,11
1605018232.318565,11
1605018232.349708,11
1605018232.377916,12
1605018232.398873,13
1605018232.419528,13
1605018232.450171,13
1605018232.471709,13
1605018232.494100,14
1605018232.515386,14
1605018232.541772,14
1605018232.562145,12
1605018232.593396,12
1605018232.618210,12
1605018232.647068,12
1605018232.675904,12
1605018232.698419,12
1605018232.720055,12
1605018232.753104,11
1605018232.775274,12
1605018232.794049,12
1605018232.813004,11
1605018232.838922,12
1605018232.863397,11
1605018232.884747,12
1605018232.907778,12
1605018232.935265,12
1605018232.962005,12
1605018232.996792,12
1605018233.019709,12
1605018233.060299,11
1605018233.083673,12
1605018233.105402,11
1605018233.126112,12
1605018233.157539,11
1605018233.177409,12
1605018233.197153,12
1605018233.216921,11
1605018233.245967,12
1605018233.270494,12
1605018233.291803,12
1605018233.312768,11
1605018233.334471,12
1605018233.366518,13
1605018233.391452,14
1605018233.412872,13
1605018233.432352,14
1605018233.465539,14
1605018233.488763,14
1605018233.508875,13
1605018233.528901,14
1605018233.560995,13
1605018233.588753,14
1605018233.609759,13
1605018233.643682,13
1605018233.673717,13
1605018233.705741,12
1605018233.730086,13
1605018233.752034,12
1605018233.771060,13
1605018233.790426,13
1605018233.809691,13
1605018233.828495,13
1605018233.853337,13
1605018233.878312,13
1605018233.898667,12
1605018233.918401,13
1605018233.939935,13
1605018233.970366,13
1605018233.995490,13
1605018234.016697,13
1605018234.037557,13
1605018234.069191,13
1605018234.091535,12
1605018234.111104,13
1605018234.130593,13
1605018234.156469,12
1605018234.188359,12
1605018234.209900,13
1605018234.232050,13
1605018234.259929,13
1605018234.282776,12
1605018234.302654,12
1605018234.322342,14
1605018234.345264,14
1605018234.374242,14
1605018234.395489,14
1605018234.418229,15
1605018234.440820,15
1605018234.469437,15
1605018234.493520,14
1605018234.514057,15
1605018234.533976,15
1605018234.561108,14
1605018234.584070,15
1605018234.604250,15
1605018234.625310,13
1605018234.654886,14
1605018234.685529,14
1605018234.717330,14
1605018234.737532,13
1605018234.757848,14
1605018234.782758,14
1605018234.806874,14
1605018234.828327,14
1605018234.846922,14
1605018234.873694,14
1605018234.893217,14
1605018234.913631,13
1605018234.935573,14
1605018234.962280,13
1605018234.992595,14
1605018235.014072,14
1605018235.035381,14
1605018235.065887,14
1605018235.096303,13
1605018235.117213,14
1605018235.138591,14
1605018235.165300,14
1605018235.191983,14
1605018235.212712,14
1605018235.244442,14
1605018235.277998,14
1605018235.302005,13
1605018235.324126,14
1605018235.346861,15
1605018235.381629,16
1605018235.404019,16
1605018235.423949,16
1605018235.443139,16
1605018235.467275,16
1605018235.491836,16
1605018235.512853,15
1605018235.532907,16
1605018235.552083,16
1605018235.582509,16
1605018235.604430,16
1605018235.624313,14
1605018235.643451,14
1605018235.672916,15
1605018235.703254,15
1605018235.730675,15
1605018235.751703,15
1605018235.785991,15
1605018235.807241,15
1605018235.827094,15
1605018235.854238,14
1605018235.885325,15
1605018235.907444,15
1605018235.930980,14
1605018235.951660,15
1605018235.989435,15
1605018236.011935,14
1605018236.037889,15
1605018236.059676,15
1605018236.092096,14
1605018236.117336,15
1605018236.140552,14
1605018236.172330,15
1605018236.198099,15
1605018236.219414,15
1605018236.241033,14
1605018236.262464,15
1605018236.290626,15
1605018236.312390,15
1605018236.333979,15
1605018236.353269,14
1605018236.378423,16
1605018236.401482,15
1605018236.424101,17
1605018236.455381,17
1605018236.486961,17
1605018236.510323,17
1605018236.532622,17
1605018236.554826,17
1605018236.581194,16
1605018236.610024,16
1605018236.631193,16
1605018236.660314,15
1605018236.691564,15
1605018236.721393,16
1605018236.745096,16
1605018236.769594,16
1605018236.800684,16
1605018236.823699,15
1605018236.844012,16
1605018236.865063,16
1605018236.896653,16
1605018236.917674,15
1605018236.940077,16
1605018236.961338,16
1605018236.987892,16
1605018237.016852,15
1605018237.045527,16
1605018237.080110,15
1605018237.109330,16
1605018237.131313,16
1605018237.152445,16
1605018237.173208,16
1605018237.203194,16
1605018237.224138,15
1605018237.244464,16
1605018237.264832,16
1605018237.295171,15
1605018237.315455,16
1605018237.335719,16
1605018237.357124,16
1605018237.385069,16
1605018237.409182,17
1605018237.428232,17
1605018237.450211,17
1605018237.470074,17
1605018237.501670,17
1605018237.521964,18
1605018237.541355,18
1605018237.560999,18
1605018237.585155,19
1605018237.611589,19
1605018237.639239,19
1605018237.658134,18
1605018237.693061,18
1605018237.728366,16
1605018237.758308,17
1605018237.778994,16
1605018237.813056,16
1605018237.836026,17
1605018237.856165,16
1605018237.875007,16
1605018237.904031,17
1605018237.923167,16
1605018237.943900,17
1605018237.965976,17
1605018237.993561,17
1605018238.022254,17
1605018238.044689,17
1605018238.065687,16
1605018238.091918,17
1605018238.117767,16
1605018238.139295,17
1605018238.158695,17
1605018238.179666,16
1605018238.209910,17
1605018238.229125,16
1605018238.256426,17
1605018238.276027,16
1605018238.313479,16
1605018238.333592,17
1605018238.354976,17
1605018238.373686,16
1605018238.398172,18
1605018238.423005,17
1605018238.442383,18
1605018238.462653,18
1605018238.481113,18
1605018238.508991,18
1605018238.528735,18
1605018238.548959,18
1605018238.567824,17
1605018238.590891,18
1605018238.615270,17
1605018238.635617,18
1605018238.655788,18
1605018238.674329,17
1605018238.697445,16
1605018238.724113,17
1605018238.753782,17
1605018238.773001,17
1605018238.802966,18
1605018238.830177,18
1605018238.855110,18
1605018238.874393,17
1605018238.901359,18
1605018238.929207,18
1605018238.949721,18
1605018238.972428,17
1605018239.001912,18
1605018239.029976,18
1605018239.050484,18
1605018239.071788,18
1605018239.097327,18
1605018239.124346,18
1605018239.143661,18
1605018239.163980,17
1605018239.182220,17
1605018239.208230,18
1605018239.230427,17
1605018239.251217,18
1605018239.279189,17
1605018239.304123,18
1605018239.330083,18
1605018239.351146,18
1605018239.370315,18
1605018239.389421,19
1605018239.410693,18
1605018239.441623,18
1605018239.465023,19
1605018239.491584,19
1605018239.522511,18
1605018239.544380,19
1605018239.566590,19
1605018239.585862,18
1605018239.612094,19
1605018239.632262,18
1605018239.652591,19
1605018239.672255,19
1605018239.690924,18
1605018239.714177,17
1605018239.748270,17
1605018239.770790,18
1605018239.790314,18
1605018239.825020,18
1605018239.844804,17
1605018239.865461,18
1605018239.885765,18
1605018239.912363,17
1605018239.940046,17
1605018239.960373,18
1605018239.983273,18
1605018240.009617,18
1605018240.037253,18
1605018240.068001,19
1605018240.088861,18
1605018240.119392,18
1605018240.145796,19
1605018240.166018,18
1605018240.186830,19
1605018240.217296,18
1605018240.243294,19
1605018240.271793,19
1605018240.292006,19
1605018240.318728,19
1605018240.343044,18
1605018240.362430,18
1605018240.383586,20
1605018240.408215,19
1605018240.432480,20
1605018240.454654,20
1605018240.473807,19
1605018240.494501,20
1605018240.520976,20
1605018240.543778,20
1605018240.565290,20
1605018240.586140,19
1605018240.605818,20
1605018240.634032,19
1605018240.664755,20
1605018240.685527,19
1605018240.705868,19
1605018240.737695,18
1605018240.764370,18
1605018240.784715,19
1605018240.804625,19
1605018240.837372,19
1605018240.857126,19
1605018240.877603,18
1605018240.896664,18
1605018240.921235,19
1605018240.947639,19
1605018240.970246,19
1605018240.993026,18
1605018241.020414,19
1605018241.046204,18
1605018241.066959,19
1605018241.088337,18
1605018241.107430,19
1605018241.140206,18
1605018241.161980,19
1605018241.182646,19
1605018241.203944,19
1605018241.237901,19
1605018241.264137,19
1605018241.286045,19
1605018241.304804,19
1605018241.328965,19
1605018241.353497,19
1605018241.375552,19
1605018241.394964,19
1605018241.418846,20
1605018241.445459,19
1605018241.466330,20
1605018241.486965,20
1605018241.505641,20
1605018241.530058,20
1605018241.553010,20
1605018241.575476,20
1605018241.594729,20
1605018241.613900,20
1605018241.642289,20
1605018241.664532,20
1605018241.685570,19
1605018241.704027,18
1605018241.728492,19
1605018241.753361,18
1605018241.778247,19
1605018241.800169,18
1605018241.824973,19
1605018241.853039,18
1605018241.872961,19
1605018241.891913,19
1605018241.911296,18
1605018241.945061,18
1605018241.967922,19
1605018241.990043,19
1605018242.012362,18
1605018242.045118,18
1605018242.067341,18
1605018242.088818,17
1605018242.110951,16
1605018242.136883,15
1605018242.161904,12
1605018242.184136,12
1605018242.203672,10
1605018242.221310,9
1605018242.249292,10
1605018242.269406,9
1605018242.288846,10
1605018242.308688,10
1605018242.336735,10
1605018242.361746,10
1605018242.381387,9
1605018242.400207,11
1605018242.418420,11
1605018242.450215,11
1605018242.477836,10
1605018242.499624,11
1605018242.520743,11
1605018242.544428,10
1605018242.566394,10
1605018242.596694,10
1605018242.624558,9
1605018242.658523,10
1605018242.680744,11
1605018242.699791,11
1605018242.719361,10
1605018242.743344,11
1605018242.767246,11
1605018242.787155,10
1605018242.805931,11
1605018242.825151,11
1605018242.847940,11
1605018242.869066,11
1605018242.887654,11
1605018242.906362,11
1605018242.924723,11
1605018242.953005,11
1605018242.975365,11
1605018243.000639,11
1605018243.020204,11
1605018243.046268,11
1605018243.073303,11
1605018243.096185,11
1605018243.115717,11
1605018243.139694,10
1605018243.165176,11
1605018243.186679,11
1605018243.206801,10
1605018243.225499,11
1605018243.252074,11
1605018243.273198,11
1605018243.292805,11
1605018243.314110,11
1605018243.342859,11
1605018243.369127,10
1605018243.389629,12
1605018243.410170,12
1605018243.429309,11
1605018243.453283,12
1605018243.474566,12
1605018243.494921,11
1605018243.514791,13
1605018243.534967,13
1605018243.561814,11
1605018243.588969,12
1605018243.620362,12
1605018243.649511,12
1605018243.678018,12
1605018243.697748,12
1605018243.718276,12
1605018243.736637,11
1605018243.763517,12
1605018243.783129,12
1605018243.803877,11
1605018243.821970,12
1605018243.845859,12
1605018243.870008,11
1605018243.891146,12
1605018243.911500,12
1605018243.930983,11
1605018243.962981,12
1605018243.985986,12
1605018244.007675,12
1605018244.030133,11
1605018244.056579,12
1605018244.086282,12
1605018244.107341,12
1605018244.128659,12
1605018244.151036,12
1605018244.177254,12
1605018244.199484,12
1605018244.218758,12
1605018244.237344,11
1605018244.265389,12
1605018244.294112,12
1605018244.314771,12
1605018244.335769,11
1605018244.359777,12
1605018244.383493,11
1605018244.402314,13
1605018244.423003,14
1605018244.443661,14
1605018244.463498,13
1605018244.485791,14
1605018244.506958,14
1605018244.528679,13
1605018244.556160,14
1605018244.580703,12
1605018244.617018,12
1605018244.645151,12
1605018244.673019,13
1605018244.715129,14
1605018244.745738,13
1605018244.769133,14
1605018244.787314,13
1605018244.807308,13
1605018244.836977,13
1605018244.864957,14
1605018244.884677,14
1605018244.903169,13
1605018244.923874,14
1605018244.941524,14
1605018244.959842,14
1605018244.979311,14
1605018244.997948,13
1605018245.015996,13
1605018245.034327,14
1605018245.054241,14
1605018245.074163,14
1605018245.095073,12
1605018245.116560,13
1605018245.137076,13
1605018245.155395,13
1605018245.173898,13
1605018245.191057,13
1605018245.209016,12
1605018245.228832,13
1605018245.249958,13
1605018245.267189,13
1605018245.284610,13
1605018245.301534,14
1605018245.318992,14
1605018245.336046,14
1605018245.353317,14
1605018245.370991,14
1605018245.387856,15
1605018245.405483,15
1605018245.422575,16
1605018245.439645,16
1605018245.460911,16
1605018245.478766,16
1605018245.496869,16
1605018245.516376,14
1605018245.533699,14
1605018245.551089,14
1605018245.568964,15
1605018245.586022,15
1605018245.603045,15
1605018245.620053,14
1605018245.645982,13
1605018245.670668,14
1605018245.689960,14
1605018245.710620,13
1605018245.729253,13
1605018245.746543,14
1605018245.763572,14
1605018245.781309,14
1605018245.799190,14
1605018245.816881,14
1605018245.833891,14
1605018245.851036,14
1605018245.868541,14
1605018245.885681,14
1605018245.902520,14
1605018245.920173,13
1605018245.937667,13
1605018245.954463,13
1605018245.972096,13
1605018245.988781,14
1605018246.005610,14
1605018246.023330,14
1605018246.041965,14
1605018246.058901,14
1605018246.076207,14
1605018246.093818,14
1605018246.111452,14
1605018246.128406,14
1605018246.145574,13
1605018246.162639,13
1605018246.179453,13
1605018246.196165,13
1605018246.214030,13
1605018246.230698,14
1605018246.253080,14
1605018246.270845,14
1605018246.288907,14
1605018246.307523,15
1605018246.324390,15
1605018246.341214,15
1605018246.358393,15
1605018246.375459,16
1605018246.393033,18
1605018246.410609,19
1605018246.427623,19
1605018246.445307,19
1605018246.461943,20
1605018246.478929,20
1605018246.496571,20
1605018246.514274,20
1605018246.531609,19
1605018246.548365,18
1605018246.565455,18
1605018246.583359,17
1605018246.600053,17
1605018246.616651,17
1605018246.633402,16
1605018246.650049,15
1605018246.678888,16
1605018246.698119,15
1605018246.717336,15
1605018246.734341,15
1605018246.751718,16
1605018246.768534,16
1605018246.785359,16
1605018246.801942,16
1605018246.818578,17
1605018246.835924,17
1605018246.853703,17
1605018246.871495,17
1605018246.891120,17
1605018246.907704,17
1605018246.924557,17
1605018246.941857,16
1605018246.958796,16
1605018246.976095,16
1605018246.993300,16
1605018247.010759,16
1605018247.027796,17
1605018247.045282,17
1605018247.063301,17
1605018247.080367,16
1605018247.097130,16
1605018247.114237,16
1605018247.131049,16
1605018247.148280,16
1605018247.165070,17
1605018247.181942,17
1605018247.198777,17
1605018247.216359,16
1605018247.232912,16
1605018247.249752,16
1605018247.266538,16
1605018247.283173,16
1605018247.300518,15
1605018247.317730,15
1605018247.334911,15
1605018247.351578,15
1605018247.369131,16
1605018247.386693,16
1605018247.403401,17
1605018247.420049,17
1605018247.437272,17
1605018247.454833,18
1605018247.473067,18
1605018247.493294,18
1605018247.510730,18
1605018247.527855,17
1605018247.545668,17
1605018247.562371,17
1605018247.579841,18
1605018247.596585,18
1605018247.613401,19
1605018247.630090,19
1605018247.646787,17
1605018247.711074,18
1605018247.740845,18
1605018247.766351,19
1605018247.787280,19
1605018247.806892,19
1605018247.825193,20
1605018247.842157,19
1605018247.859350,19
1605018247.878471,19
1605018247.903748,19
1605018247.923679,20
1605018247.946291,20
1605018247.965813,19
1605018247.989571,17
1605018248.013953,18
1605018248.032914,18
1605018248.056418,18
1605018248.075460,17
1605018248.103490,17
1605018248.124115,17
1605018248.144275,17
1605018248.164680,15
1605018248.188755,16
1605018248.214652,15
1605018248.234200,16
1605018248.252928,16
1605018248.270850,16
1605018248.296314,15
1605018248.315447,16
1605018248.335553,16
1605018248.355078,16
1605018248.374763,15
1605018248.397979,17
1605018248.418530,17
1605018248.437524,17
1605018248.458431,16
1605018248.476471,17
1605018248.510039,17
1605018248.530900,17
1605018248.550297,17
1605018248.567819,16
1605018248.593830,17
1605018248.618615,17
1605018248.637275,18
1605018248.665381,16
1605018248.704026,16
1605018248.733965,17
1605018248.762026,16
1605018248.782726,17
1605018248.819602,20
1605018248.839254,20
1605018248.861411,19
1605018248.884653,20
1605018248.916664,20
1605018248.937313,20
1605018248.959098,20
1605018248.978808,20
1605018249.014269,20
1605018249.035406,20
1605018249.056574,20
1605018249.078182,20
1605018249.103405,16
1605018249.130530,17
1605018249.151486,16
1605018249.174965,17
1605018249.203824,16
1605018249.228463,18
1605018249.256916,18
1605018249.278498,18
1605018249.304937,18
1605018249.333542,17
1605018249.353324,18
1605018249.374093,18
1605018249.401830,19
1605018249.427535,18
1605018249.448469,19
1605018249.467251,19
1605018249.486189,20
1605018249.517282,19
1605018249.536828,19
1605018249.556766,18
1605018249.576269,19
1605018249.603916,19
1605018249.630156,19
1605018249.650671,19
1605018249.673030,19
1605018249.700234,19
1605018249.726474,20
1605018249.752081,18
1605018249.781875,19
1605018249.810338,19
1605018249.837302,20
1605018249.866121,19
1605018249.885530,20
1605018249.912810,20
1605018249.939646,20
1605018249.960205,19
1605018249.983548,18
1605018250.006110,18
1605018250.033729,17
1605018250.055793,18
1605018250.077125,18
1605018250.098109,19
1605018250.128969,18
1605018250.148609,19
1605018250.167678,19
1605018250.187082,19
1605018250.213722,19
1605018250.240506,18
1605018250.260741,19
1605018250.280167,19
1605018250.298578,19
1605018250.329381,19
1605018250.348845,19
1605018250.368813,18
1605018250.389836,18
1605018250.414616,19
1605018250.441144,20
1605018250.469801,19
1605018250.493553,20
1605018250.519846,19
1605018250.544849,20
1605018250.565025,19
1605018250.584841,20
1605018250.613667,19
1605018250.639493,20
1605018250.659440,20
1605018250.680633,20
1605018250.698518,19
1605018250.733766,19
1605018250.762170,17
1605018250.782161,19
1605018250.801917,19
1605018250.833973,19
1605018250.852641,19
1605018250.873208,18
1605018250.893401,19
1605018250.920157,19
1605018250.946729,19
1605018250.970385,18
1605018250.992364,19
1605018251.021122,18
1605018251.054978,19
1605018251.083065,18
1605018251.104161,18
1605018251.135722,18
1605018251.157897,19
1605018251.178699,19
1605018251.200293,18
1605018251.227131,19
1605018251.250499,19
1605018251.270143,19
1605018251.291298,19
1605018251.311687,18
1605018251.340724,19
1605018251.360693,18
1605018251.381583,19
1605018251.402636,20
1605018251.437024,20
1605018251.457969,19
1605018251.477274,20
1605018251.497585,20
1605018251.521910,19
1605018251.551054,20
1605018251.570599,19
1605018251.591957,20
1605018251.610475,20
1605018251.631266,20
1605018251.662826,20
1605018251.681484,19
1605018251.699796,19
1605018251.725130,19
1605018251.753113,18
1605018251.781724,18
1605018251.801741,19
1605018251.827372,18
1605018251.856730,19
1605018251.876449,18
1605018251.898738,19
1605018251.928579,19
1605018251.957222,19
1605018251.981180,20
1605018252.001400,20
1605018252.021911,19
1605018252.053370,19
1605018252.075398,20
1605018252.097941,20
1605018252.116047,20
1605018252.143901,20
1605018252.163660,20
1605018252.182904,19
1605018252.201934,20
1605018252.230896,19
1605018252.257000,19
1605018252.285931,19
1605018252.308601,19
1605018252.336682,19
1605018252.363225,18
1605018252.382110,19
1605018252.401096,20
1605018252.421834,20
1605018252.453041,20
1605018252.472907,20
1605018252.494876,20
1605018252.516919,19
1605018252.549912,19
1605018252.568735,19
1605018252.589622,18
1605018252.609670,19
1605018252.636174,19
1605018252.661532,19
1605018252.681316,19
1605018252.700131,18
1605018252.733139,18
1605018252.761450,18
1605018252.789964,18
1605018252.810135,19
1605018252.839675,18
1605018252.869248,19
1605018252.890367,19
1605018252.911922,19
1605018252.939779,19
1605018252.968433,20
1605018252.990189,18
1605018253.014960,18
1605018253.042698,15
1605018253.071801,13
1605018253.093090,11
1605018253.115225,11
1605018253.144630,11
1605018253.168716,9
1605018253.188348,7
1605018253.210060,7
1605018253.236775,5
1605018253.262408,4
1605018253.282046,5
1605018253.303524,4
1605018253.324356,5
1605018253.350635,5
1605018253.372519,5
1605018253.392155,5
1605018253.412106,5
1605018253.430324,4
1605018253.461882,5
1605018253.481509,4
1605018253.503416,5
1605018253.522763,5
1605018253.548985,4
1605018253.571907,6
1605018253.592189,5
1605018253.613113,6
1605018253.630914,6
1605018253.653111,6
1605018253.675136,5
1605018253.696189,6
1605018253.715114,6
1605018253.739102,6
1605018253.765422,6
1605018253.786596,5
1605018253.808853,6
1605018253.828435,6
1605018253.854324,5
1605018253.875667,6
1605018253.896682,6
1605018253.915071,5
1605018253.934176,5
1605018253.964849,5
1605018253.986178,6
1605018254.008762,6
1605018254.030569,5
1605018254.059522,7
1605018254.090142,7
1605018254.113155,7
1605018254.131753,7
1605018254.157408,6
1605018254.178367,7
1605018254.197368,7
1605018254.216769,7
1605018254.235230,7
1605018254.265671,7
1605018254.287495,6
1605018254.307664,7
1605018254.326378,7
1605018254.353696,6
1605018254.379407,7
1605018254.398124,7
1605018254.417392,6
1605018254.435937,7
1605018254.460291,8
1605018254.481672,7
1605018254.501673,8
1605018254.520916,8
1605018254.539637,8
1605018254.561675,7
1605018254.583388,7
1605018254.605066,7
1605018254.625453,8
1605018254.644276,7
1605018254.674211,8
1605018254.694028,7
1605018254.713804,8
1605018254.736784,8
1605018254.769732,8
1605018254.791031,7
1605018254.811275,8
1605018254.833417,8
1605018254.861744,8
1605018254.886092,7
1605018254.907782,8
1605018254.928240,8
1605018254.946467,8
1605018254.981760,8
1605018255.016950,8
1605018255.039842,8
1605018255.077612,8
1605018255.099888,8
1605018255.122838,8
1605018255.142079,8
1605018255.167602,8
1605018255.189252,8
1605018255.209090,7
1605018255.229110,8
1605018255.247180,9
1605018255.270835,9
1605018255.292433,8
1605018255.313206,9
1605018255.331923,9
1605018255.349813,9
1605018255.379936,9
1605018255.398457,9
1605018255.417740,9
1605018255.437965,8
1605018255.463892,9
1605018255.488579,9
1605018255.512623,9
1605018255.531871,8
1605018255.551490,8
1605018255.586117,9
1605018255.606037,9
1605018255.627888,9
1605018255.649238,8
1605018255.680897,8
1605018255.699566,9
1605018255.719178,9
1605018255.742702,8
1605018255.768796,9
1605018255.794961,9
1605018255.816513,9
1605018255.837051,9
1605018255.855827,8
1605018255.883979,9
1605018255.905073,8
1605018255.927322,10
1605018255.947198,11
1605018255.978769,11
1605018256.005806,11
1605018256.030138,11
1605018256.051259,10
1605018256.085600,9
1605018256.111215,10
1605018256.130903,9
1605018256.152531,10
1605018256.184884,10
1605018256.216957,9
1605018256.238460,10
1605018256.258884,10
1605018256.290437,10
1605018256.310676,9
1605018256.330009,10
1605018256.350226,10
1605018256.378060,10
1605018256.400156,10
1605018256.420699,10
1605018256.440861,9
1605018256.459985,10
1605018256.489103,9
1605018256.508844,10
1605018256.529839,10
1605018256.550244,9
1605018256.577079,10
1605018256.601943,9
1605018256.622216,10
1605018256.642390,10
1605018256.662307,9
1605018256.685370,10
1605018256.708767,11
1605018256.729006,10
1605018256.747828,11
1605018256.766730,11
1605018256.793778,10
1605018256.814135,11
1605018256.833133,12
1605018256.852021,12
1605018256.872087,12
1605018256.899402,12
1605018256.921338,11
1605018256.941892,12
1605018256.961167,12
1605018256.986505,11
1605018257.014948,12
1605018257.037257,11
1605018257.056720,12
1605018257.083104,11
1605018257.110308,12
1605018257.129579,12
1605018257.149580,11
1605018257.168143,12
1605018257.198170,10
1605018257.217460,11
1605018257.238756,11
1605018257.265313,11
1605018257.296035,10
1605018257.315814,11
1605018257.337008,11
1605018257.355505,11
1605018257.375686,10
1605018257.402277,11
1605018257.422894,10
1605018257.444978,11
1605018257.467112,11
1605018257.501791,11
1605018257.521290,10
1605018257.540839,12
1605018257.560417,12
1605018257.584946,11
1605018257.611500,12
1605018257.630371,12
1605018257.650084,11
1605018257.668780,12
1605018257.692598,12
1605018257.711640,12
1605018257.730667,11
1605018257.753388,12
1605018257.780765,11
1605018257.813283,11
1605018257.832347,12
1605018257.862236,11
1605018257.889215,12
1605018257.917897,12
1605018257.939960,11
1605018257.961494,12
1605018257.987504,11
1605018258.013189,12
1605018258.033501,12
1605018258.055160,11
1605018258.074352,12
1605018258.109163,12
1605018258.128938,12
1605018258.148681,12
1605018258.168013,11
1605018258.197270,11
1605018258.224107,12
1605018258.244310,12
1605018258.267308,12
1605018258.294676,11
1605018258.319504,12
1605018258.339300,12
1605018258.359299,11
1605018258.381147,12
1605018258.413603,13
1605018258.433279,13
1605018258.462338,13
1605018258.486844,13
1605018258.516527,13
1605018258.537829,12
1605018258.559095,13
1605018258.577858,13
1605018258.605706,12
1605018258.624876,13
1605018258.644589,13
1605018258.663036,13
1605018258.682571,12
1605018258.713183,13
1605018258.733789,12
1605018258.754626,13
1605018258.774170,13
1605018258.801367,13
1605018258.821779,13
1605018258.843594,12
1605018258.861897,12
1605018258.880195,13
1605018258.908250,13
1605018258.927557,12
1605018258.951247,13
1605018258.971583,13
1605018258.998546,13
1605018259.027937,12
1605018259.057231,13
1605018259.077835,13
1605018259.105881,13
1605018259.133973,12
1605018259.155987,13
1605018259.177715,13
1605018259.202875,12
1605018259.230773,13
1605018259.250878,12
1605018259.279117,13
1605018259.304920,14
1605018259.337158,14
1605018259.365328,15
1605018259.387620,15
1605018259.421258,15
1605018259.443343,14
1605018259.464014,15
1605018259.483069,15
1605018259.509866,13
1605018259.536908,20
1605018259.556456,19
1605018259.577744,20
1605018259.597506,20
1605018259.626996,20
1605018259.648261,20
1605018259.669153,19
1605018259.689826,20
1605018259.725750,20
1605018259.744887,20
1605018259.773138,20
1605018259.798253,19
1605018259.828959,20
1605018259.857217,19
1605018259.886140,20
1605018259.906878,20
1605018259.929752,20
1605018259.952359,19
1605018259.971883,20
1605018259.991460,20
1605018260.019968,19
1605018260.050905,19
1605018260.075744,20
1605018260.096741,19
1605018260.127920,20
1605018260.149824,20
1605018260.172234,20
1605018260.194275,19
1605018260.222955,20
1605018260.243173,19
1605018260.264870,20
1605018260.285936,20
1605018260.313339,20
1605018260.339988,20
1605018260.360956,20
1605018260.381243,20
1605018260.402751,18
1605018260.435249,20
1605018260.461790,20
1605018260.491911,20
1605018260.521237,19
1605018260.552273,19
1605018260.573699,20
1605018260.595915,20
1605018260.623466,20
1605018260.647961,19
1605018260.667132,20
1605018260.687369,19
1605018260.706147,20
1605018260.736645,20
1605018260.767104,20
1605018260.788668,20
1605018260.809197,19
1605018260.839117,19
1605018260.859912,20
1605018260.880589,20
1605018260.899784,20
1605018260.925716,20
1605018260.952552,19
1605018260.972445,19
1605018261.001350,17
1605018261.029541,17
1605018261.063293,17
1605018261.092071,17
1605018261.111566,17
1605018261.141840,16
1605018261.165441,15
1605018261.186170,15
1605018261.208277,14
1605018261.242550,13
1605018261.271811,11
1605018261.293332,11
1605018261.315976,10
1605018261.347643,10
1605018261.368634,10
1605018261.398088,10
1605018261.428507,11
1605018261.457879,11
1605018261.481644,12
1605018261.503359,11
1605018261.526879,11
1605018261.546984,11
1605018261.570677,11
1605018261.592693,11
1605018261.614457,10
1605018261.645400,11
1605018261.671170,11
1605018261.695521,10
1605018261.728092,10
1605018261.756114,10
1605018261.777207,9
1605018261.798362,10
1605018261.829519,10
1605018261.856314,9
1605018261.876933,10
1605018261.898963,10
1605018261.926979,11
1605018261.958490,11
1605018261.982445,11
1605018262.003882,10
1605018262.033630,12
1605018262.066223,12
1605018262.100830,12
1605018262.131402,11
1605018262.162009,12
1605018262.186949,12
1605018262.209202,12
1605018262.233963,12
1605018262.264889,11
1605018262.293911,12
1605018262.325127,12
1605018262.352887,12
1605018262.377326,11
1605018262.397240,12
1605018262.418690,12
1605018262.450220,12
1605018262.473300,11
1605018262.503562,12
1605018262.538826,11
1605018262.568461,12
1605018262.596743,12
1605018262.617888,11
1605018262.647910,12
1605018262.678046,12
1605018262.708849,12
1605018262.738102,12
1605018262.765302,11
1605018262.796749,11
1605018262.818264,12
1605018262.846010,11
1605018262.877951,11
1605018262.899751,12
1605018262.925365,11
1605018262.961952,12
1605018262.997070,13
1605018263.022061,12
1605018263.048849,13
1605018263.074792,13
1605018263.098602,13
1605018263.129732,13
1605018263.160329,13
1605018263.189491,14
1605018263.212096,14
1605018263.240101,14
1605018263.265562,13
1605018263.286702,14
1605018263.308417,14
1605018263.329205,13
1605018263.357721,14
1605018263.389730,14
1605018263.412708,13
1605018263.437625,14
1605018263.467019,14
1605018263.495131,14
1605018263.514637,14
1605018263.543373,14
1605018263.576764,13
1605018263.608772,13
1605018263.641442,14
1605018263.668850,14
1605018263.698739,14
1605018263.719522,13
1605018263.744605,14
1605018263.772039,14
1605018263.791813,14
1605018263.813940,13
1605018263.840218,16
1605018263.869623,14
1605018263.894703,13
1605018263.913596,14
1605018263.935338,15
1605018263.968319,15
1605018263.992232,14
1605018264.012537,15
1605018264.033503,15
1605018264.064195,14
1605018264.094787,11
1605018264.210171,12
1605018264.240359,12
1605018264.266612,11
1605018264.293983,12
1605018264.314602,11
1605018264.336788,12
1605018264.366948,12
1605018264.386628,11
1605018264.407949,11
1605018264.427740,10
1605018264.458416,10
1605018264.484499,11
1605018264.506437,11
1605018264.528324,11
1605018264.557080,10
1605018264.585438,11
1605018264.606067,10
1605018264.625625,11
1605018264.645833,11
1605018264.677487,11
1605018264.697999,11
1605018264.718025,10
1605018264.738749,11
1605018264.773622,11
1605018264.792265,11
1605018264.811542,11
1605018264.830631,10
1605018264.850626,11
1605018264.878967,10
1605018264.899971,11
1605018264.920270,11
1605018264.940956,11
1605018264.966396,11
1605018264.992651,10
1605018265.015035,12
1605018265.034948,12
1605018265.061758,12
1605018265.094856,12
1605018265.117207,12
1605018265.138237,11
1605018265.164420,12
1605018265.190991,12
1605018265.209982,12
1605018265.229996,12
1605018265.249069,11
1605018265.278057,12
1605018265.297770,11
1605018265.318630,12
1605018265.339261,12
1605018265.364586,11
1605018265.390126,12
1605018265.408994,12
1605018265.427736,11
1605018265.446825,11
1605018265.472862,12
1605018265.493964,11
1605018265.515392,12
1605018265.534024,12
1605018265.553146,12
1605018265.573770,11
1605018265.594516,12
1605018265.615079,12
1605018265.636186,12
1605018265.655093,11
1605018265.685668,11
1605018265.704934,11
1605018265.725814,12
1605018265.744586,12
1605018265.768705,11
1605018265.793846,12
1605018265.815094,11
1605018265.836215,12
1605018265.855773,12
1605018265.876428,12
1605018265.899514,13
1605018265.920693,13
1605018265.940833,13
1605018265.961662,12
1605018265.990268,13
1605018266.010472,12
1605018266.031081,13
1605018266.051725,13
1605018266.076670,12
1605018266.098440,13
1605018266.118261,13
1605018266.142565,13
1605018266.169778,13
1605018266.197408,13
1605018266.216990,13
1605018266.236257,12
1605018266.256339,13
1605018266.284096,12
1605018266.307626,13
1605018266.329070,13
1605018266.348117,12
1605018266.373806,13
1605018266.399498,12
1605018266.420915,13
1605018266.439807,13
1605018266.457841,13
1605018266.481914,13
1605018266.507506,13
1605018266.527239,12
1605018266.547798,13
1605018266.573577,13
1605018266.600828,13
1605018266.620544,13
1605018266.640149,12
1605018266.658893,13
1605018266.684263,13
1605018266.705461,12
1605018266.724127,13
1605018266.743457,13
1605018266.761946,13
1605018266.784952,12
1605018266.805804,13
1605018266.825534,13
1605018266.850246,13
1605018266.878011,14
1605018266.903549,14
1605018266.925004,14
1605018266.944331,14
1605018266.964808,13
1605018266.997802,13
1605018267.021963,14
1605018267.041054,14
1605018267.060122,13
1605018267.087223,14
1605018267.121498,14
1605018267.141042,13
1605018267.161014,14
1605018267.186835,14
1605018267.214681,14
1605018267.234475,14
1605018267.257177,14
1605018267.285295,13
1605018267.307447,14
1605018267.327000,14
1605018267.348797,13
1605018267.368782,14
1605018267.389924,14
1605018267.410863,14
1605018267.431575,13
1605018267.451583,14
1605018267.470483,14
1605018267.495267,13
1605018267.516062,14
1605018267.535613,14
1605018267.555498,14
1605018267.576663,13
1605018267.605860,14
1605018267.625122,13
1605018267.645401,14
1605018267.664512,14
1605018267.687845,13
1605018267.710638,14
1605018267.732947,14
1605018267.752364,13
1605018267.771897,13
1605018267.794129,14
1605018267.816592,13
1605018267.843741,14
1605018267.866511,14
1605018267.893518,15
1605018267.920156,15
1605018267.943808,15
1605018267.968394,15
1605018268.002919,15
1605018268.033447,14
1605018268.057282,15
1605018268.081702,15
1605018268.113878,15
1605018268.143802,14
1605018268.166393,15
1605018268.197968,15
1605018268.225901,15
1605018268.246968,15
1605018268.267364,15
1605018268.294109,15
1605018268.323071,15
1605018268.343672,15
1605018268.363406,15
1605018268.381541,15
1605018268.412336,15
1605018268.433419,14
1605018268.456175,15
1605018268.475347,15
1605018268.500200,14
1605018268.525482,15
1605018268.545248,14
1605018268.567699,15
1605018268.597790,15
1605018268.626093,14
1605018268.644900,15
1605018268.666809,15
1605018268.698624,15
1605018268.725187,14
1605018268.750263,15
1605018268.772445,14
1605018268.791342,15
1605018268.811408,15
1605018268.830046,15
1605018268.855767,15
1605018268.885630,14
1605018268.914619,15
1605018268.945418,16
1605018268.976984,16
1605018269.020788,16
1605018269.054698,16
1605018269.114863,16
1605018269.145458,15
1605018269.174880,15
1605018269.202875,16
1605018269.230851,16
1605018269.259511,15
1605018269.293365,16
1605018269.325994,16
1605018269.357079,15
1605018269.392168,16
1605018269.425199,16
1605018269.455075,16
1605018269.490422,16
1605018269.524650,16
