1605018286.609316,0
1605018286.635964,0
1605018286.655897,0
1605018286.681961,0
1605018286.710297,0
1605018286.729532,0
1605018286.748380,0
1605018286.769314,0
1605018286.797681,1
1605018286.816911,0
1605018286.834944,0
1605018286.854597,1
1605018286.878000,0
1605018286.903921,0
1605018286.921376,0
1605018286.939465,0
1605018286.957800,0
1605018286.983697,0
1605018287.011027,0
1605018287.038923,0
1605018287.065686,0
1605018287.096673,0
1605018287.126040,0
1605018287.156301,0
1605018287.185381,0
1605018287.215489,0
1605018287.245833,0
1605018287.278923,0
1605018287.309732,0
1605018287.338526,0
1605018287.373100,0
1605018287.405836,0
1605018287.432555,0
1605018287.459163,0
1605018287.489673,0
1605018287.549098,0
1605018287.574528,0
1605018287.612116,0
1605018287.639729,0
1605018287.670282,0
1605018287.706988,0
1605018287.736944,0
1605018287.765558,0
1605018287.798683,0
1605018287.830140,0
1605018287.858516,0
1605018287.886665,0
1605018287.915568,0
1605018287.945323,0
1605018287.975994,0
1605018288.006843,0
1605018288.027899,0
1605018288.046450,0
1605018288.066434,0
1605018288.093975,0
1605018288.118769,0
1605018288.150400,0
1605018288.175392,0
1605018288.204800,0
1605018288.232268,0
1605018288.251838,0
1605018288.274432,0
1605018288.309140,0
1605018288.329800,0
1605018288.349291,0
1605018288.368609,0
1605018288.396096,0
1605018288.421495,0
1605018288.441213,0
1605018288.461609,0
1605018288.480282,0
1605018288.505902,0
1605018288.527729,0
1605018288.545591,0
1605018288.563663,0
1605018288.581470,0
1605018288.613770,0
1605018288.631964,0
1605018288.653841,0
1605018288.674134,0
1605018288.698591,0
1605018288.724699,0
1605018288.745797,0
1605018288.763741,0
1605018288.782227,0
1605018288.813076,0
1605018288.831977,0
1605018288.851127,0
1605018288.870585,0
1605018288.901887,0
1605018288.928294,0
1605018288.946352,0
1605018288.965003,0
1605018288.983633,0
1605018289.008891,0
1605018289.028934,0
1605018289.049061,0
1605018289.066951,0
1605018289.085880,0
1605018289.114912,0
1605018289.132684,0
1605018289.155391,0
1605018289.178459,0
1605018289.202971,0
1605018289.227368,0
1605018289.248129,0
1605018289.266730,0
1605018289.286988,0
1605018289.315428,0
1605018289.333764,0
1605018289.353999,0
1605018289.374655,0
1605018289.404917,0
1605018289.431176,0
1605018289.449929,0
1605018289.470286,0
1605018289.490185,0
1605018289.520223,0
1605018289.545855,0
1605018289.566867,0
1605018289.585629,0
1605018289.609931,0
1605018289.631618,0
1605018289.651496,0
1605018289.670558,0
1605018289.689866,0
1605018289.717185,0
1605018289.737314,0
1605018289.756623,0
1605018289.776274,0
1605018289.794478,0
1605018289.825726,0
1605018289.844352,0
1605018289.861948,0
1605018289.880431,0
1605018289.900159,0
1605018289.928380,0
1605018289.947542,0
1605018289.966650,0
1605018289.984849,0
1605018290.009368,0
1605018290.034781,0
1605018290.054230,0
1605018290.073904,0
1605018290.092561,0
1605018290.117082,0
1605018290.146810,0
1605018290.175455,0
1605018290.195799,0
1605018290.233716,0
1605018290.255852,0
1605018290.277284,0
1605018290.297066,0
1605018290.325524,0
1605018290.346370,0
1605018290.365277,0
1605018290.387729,0
1605018290.417965,0
1605018290.442752,0
1605018290.461862,0
1605018290.480869,0
1605018290.499393,0
1605018290.521352,0
1605018290.542101,0
1605018290.561256,0
1605018290.579420,0
1605018290.599636,0
1605018290.633952,0
1605018290.653009,0
1605018290.672652,0
1605018290.697500,0
1605018290.726216,0
1605018290.745367,1
1605018290.765434,0
1605018290.783752,0
1605018290.801794,0
1605018290.824210,0
1605018290.844525,0
1605018290.863513,1
1605018290.882063,0
1605018290.903041,0
1605018290.934046,0
1605018290.953288,0
1605018290.972197,0
1605018290.990965,0
1605018291.014003,0
1605018291.038910,0
1605018291.059987,0
1605018291.078159,0
1605018291.095686,0
1605018291.122399,0
1605018291.148168,0
1605018291.167503,0
1605018291.187442,0
1605018291.206962,0
1605018291.237865,0
1605018291.261936,0
1605018291.281536,0
1605018291.302412,0
1605018291.331295,0
1605018291.350452,0
1605018291.370908,0
1605018291.391225,0
1605018291.409204,0
1605018291.437157,0
1605018291.458344,0
1605018291.477482,0
1605018291.496041,0
1605018291.518714,0
1605018291.544156,0
1605018291.564170,0
1605018291.584579,0
1605018291.603276,0
1605018291.626307,0
1605018291.651815,0
1605018291.678358,0
1605018291.696848,0
1605018291.716838,0
1605018291.745770,0
1605018291.766397,0
1605018291.788492,0
1605018291.805911,0
1605018291.830822,0
1605018291.851825,0
1605018291.871291,0
1605018291.890106,0
1605018291.907886,0
1605018291.933845,0
1605018291.952559,0
1605018291.971733,0
1605018291.991989,0
1605018292.009367,0
1605018292.034204,0
1605018292.059160,0
1605018292.077359,0
1605018292.096676,0
1605018292.114587,0
1605018292.142905,0
1605018292.163958,0
1605018292.186811,0
1605018292.205846,0
1605018292.233183,0
1605018292.261371,0
1605018292.290333,0
1605018292.315353,0
1605018292.345367,0
1605018292.377322,0
1605018292.398177,0
1605018292.419894,0
1605018292.449978,0
1605018292.470654,0
1605018292.492468,0
1605018292.512499,0
1605018292.539947,0
1605018292.566335,0
1605018292.585783,0
1605018292.607889,0
1605018292.641526,0
1605018292.673422,0
1605018292.703347,0
1605018292.737906,0
1605018292.766577,0
1605018292.793276,0
1605018292.827658,0
1605018292.861079,0
1605018292.893280,0
1605018292.920598,0
1605018292.954961,0
1605018292.984914,0
1605018293.013727,0
1605018293.040941,0
1605018293.066782,0
1605018293.087163,0
1605018293.107224,0
1605018293.125503,0
1605018293.154384,0
1605018293.176347,0
1605018293.198152,0
1605018293.218551,0
1605018293.244262,0
1605018293.268822,0
1605018293.290105,0
1605018293.310243,0
1605018293.335323,0
1605018293.362080,0
1605018293.385207,0
1605018293.414705,0
1605018293.437848,0
1605018293.465506,0
1605018293.486771,0
1605018293.507258,0
1605018293.525898,0
1605018293.557807,0
1605018293.576662,0
1605018293.600543,0
1605018293.620742,0
1605018293.649329,0
1605018293.677769,0
1605018293.696573,0
1605018293.716424,0
1605018293.754592,0
1605018293.778558,0
1605018293.799375,0
1605018293.823218,0
1605018293.849236,0
1605018293.876229,0
1605018293.897054,0
1605018293.919411,0
1605018293.949783,0
1605018293.977307,0
1605018293.996408,0
1605018294.016611,0
1605018294.034684,0
1605018294.061722,0
1605018294.080406,0
1605018294.100878,0
1605018294.118883,0
1605018294.143792,0
1605018294.169938,0
1605018294.191144,0
1605018294.210523,0
1605018294.230117,0
1605018294.254493,0
1605018294.278613,0
1605018294.298676,0
1605018294.319959,0
1605018294.342358,0
1605018294.369760,0
1605018294.390416,0
1605018294.409107,0
1605018294.426626,0
1605018294.449175,0
1605018294.474012,0
1605018294.493815,0
1605018294.512366,0
1605018294.530844,0
1605018294.554406,0
1605018294.580028,0
1605018294.599297,0
1605018294.617709,0
1605018294.636861,0
1605018294.669144,0
1605018294.696823,0
1605018294.716953,0
1605018294.736904,0
1605018294.763031,0
1605018294.782588,0
1605018294.801880,0
1605018294.821397,0
1605018294.841119,0
1605018294.876942,0
1605018294.902544,0
1605018294.923013,0
1605018294.943030,0
1605018294.973616,0
1605018294.998689,0
1605018295.018264,0
1605018295.039815,0
1605018295.065630,0
1605018295.085530,0
1605018295.104293,0
1605018295.125360,0
1605018295.145155,0
1605018295.175992,1
1605018295.208401,8
1605018295.240473,6
1605018295.266445,8
1605018295.300497,8
1605018295.325119,11
1605018295.345601,11
1605018295.378350,13
1605018295.397112,14
1605018295.417721,17
1605018295.437166,18
1605018295.466043,20
1605018295.490553,20
1605018295.512299,20
1605018295.532166,20
1605018295.550339,20
1605018295.576884,20
1605018295.595138,20
1605018295.618208,20
1605018295.637083,19
1605018295.657084,19
1605018295.684299,19
1605018295.706507,20
1605018295.726191,20
1605018295.744184,20
1605018295.770142,20
1605018295.797582,19
1605018295.816783,19
1605018295.834940,20
1605018295.856751,20
1605018295.883657,19
1605018295.907088,20
1605018295.925653,20
1605018295.946267,19
1605018295.977021,20
1605018295.995287,19
1605018296.014010,20
1605018296.033123,20
1605018296.050689,20
1605018296.075992,19
1605018296.095518,20
1605018296.117392,20
1605018296.136736,19
1605018296.154815,19
1605018296.185612,18
1605018296.206092,19
1605018296.225432,18
1605018296.245687,18
1605018296.272860,19
1605018296.298624,19
1605018296.320626,19
1605018296.340721,18
1605018296.358388,19
1605018296.386616,20
1605018296.412302,19
1605018296.433846,20
1605018296.454706,19
1605018296.482824,19
1605018296.504350,20
1605018296.524319,19
1605018296.545321,20
1605018296.570698,20
1605018296.596281,20
1605018296.616810,20
1605018296.636842,19
1605018296.656957,19
1605018296.681607,19
1605018296.706317,20
1605018296.724959,20
1605018296.745984,19
1605018296.776742,20
1605018296.801634,19
1605018296.823358,19
1605018296.843262,20
1605018296.866957,19
1605018296.893904,20
1605018296.912817,20
1605018296.932941,20
1605018296.957211,20
1605018296.984972,20
1605018297.010450,19
1605018297.030366,20
1605018297.049917,19
1605018297.068182,19
1605018297.097641,19
1605018297.118898,20
1605018297.142711,20
1605018297.162581,19
1605018297.193701,20
1605018297.225444,20
1605018297.247111,20
1605018297.274007,20
1605018297.305047,19
1605018297.335897,20
1605018297.358189,19
1605018297.385945,20
1605018297.414381,18
1605018297.433708,20
1605018297.456875,18
1605018297.484259,20
1605018297.508671,20
1605018297.528472,19
1605018297.552542,19
1605018297.575359,20
1605018297.604167,20
1605018297.624735,19
1605018297.643900,20
1605018297.662265,20
1605018297.691237,19
1605018297.717701,20
1605018297.739628,20
1605018297.757752,20
1605018297.779382,19
1605018297.805964,20
1605018297.825509,19
1605018297.844076,19
1605018297.866105,18
1605018297.892678,19
1605018297.915515,19
1605018297.934344,18
1605018297.955248,17
1605018297.972826,17
1605018298.007558,17
1605018298.035018,19
1605018298.056324,20
1605018298.074333,19
1605018298.101931,18
1605018298.121176,19
1605018298.140355,18
1605018298.160249,19
1605018298.178361,19
1605018298.209033,18
1605018298.228633,17
1605018298.249852,17
1605018298.269229,15
1605018298.295174,13
1605018298.321975,12
1605018298.340859,11
1605018298.359483,9
1605018298.377983,10
1605018298.413062,10
1605018298.434585,10
1605018298.454030,10
1605018298.472373,10
1605018298.501558,10
1605018298.529080,9
1605018298.550116,10
1605018298.569689,10
1605018298.589573,10
1605018298.617285,10
1605018298.636600,10
1605018298.655987,10
1605018298.673954,9
1605018298.698735,10
1605018298.728019,9
1605018298.755830,9
1605018298.774449,10
1605018298.801903,9
1605018298.830570,11
1605018298.850790,10
1605018298.868907,10
1605018298.888294,11
1605018298.914261,11
1605018298.934462,10
1605018298.954771,11
1605018298.972567,11
1605018298.992643,11
1605018299.022246,11
1605018299.042006,11
1605018299.061167,10
1605018299.080772,10
1605018299.105000,11
1605018299.130793,11
1605018299.154194,11
1605018299.175560,10
1605018299.206506,11
1605018299.232157,11
1605018299.254446,10
1605018299.273800,10
1605018299.303388,11
1605018299.331350,11
1605018299.353102,10
1605018299.372585,11
1605018299.390973,11
1605018299.425048,11
1605018299.453321,10
1605018299.472464,11
1605018299.493679,11
1605018299.524511,11
1605018299.543454,11
1605018299.562922,10
1605018299.581779,11
1605018299.609535,10
1605018299.634300,12
1605018299.659583,11
1605018299.678178,12
1605018299.705496,12
1605018299.732223,12
1605018299.764599,12
1605018299.784614,12
1605018299.814198,12
1605018299.840755,11
1605018299.860141,12
1605018299.880764,12
1605018299.913136,13
1605018299.940921,13
1605018299.965471,12
1605018299.987384,13
1605018300.022131,12
1605018300.044429,13
1605018300.064233,12
1605018300.084978,12
1605018300.116193,11
1605018300.142274,12
1605018300.174081,12
1605018300.199665,12
1605018300.233157,12
1605018300.262082,12
1605018300.285017,12
1605018300.308028,12
1605018300.337163,11
1605018300.358191,12
1605018300.379141,12
1605018300.402074,11
1605018300.433630,11
1605018300.452265,11
1605018300.471883,12
1605018300.499548,11
1605018300.524913,14
1605018300.551273,14
1605018300.573753,14
1605018300.593337,14
1605018300.620193,14
1605018300.645567,13
1605018300.665426,14
1605018300.685809,14
1605018300.704041,13
1605018300.731078,13
1605018300.749683,13
1605018300.772569,13
1605018300.791221,12
1605018300.811588,13
1605018300.837826,13
1605018300.856930,12
1605018300.877053,13
1605018300.896111,14
1605018300.924769,14
1605018300.949997,14
1605018300.971700,13
1605018300.991476,14
1605018301.012326,14
1605018301.038393,14
1605018301.059828,14
1605018301.087480,13
1605018301.107167,13
1605018301.138455,13
1605018301.172474,13
1605018301.192450,13
1605018301.222476,13
1605018301.250635,13
1605018301.272165,13
1605018301.293028,12
1605018301.314111,13
1605018301.342516,12
1605018301.363591,13
1605018301.383562,13
1605018301.404096,13
1605018301.430458,13
1605018301.456337,12
1605018301.483343,14
1605018301.506733,14
1605018301.538407,13
1605018301.565412,14
1605018301.595456,14
1605018301.628087,14
1605018301.664700,13
1605018301.692536,14
1605018301.713394,13
1605018301.745490,13
1605018301.767826,14
1605018301.789363,14
1605018301.812124,13
1605018301.845271,13
1605018301.864007,14
1605018301.883666,14
1605018301.902430,15
1605018301.925059,14
1605018301.954078,14
1605018301.973273,14
1605018301.993620,15
1605018302.013376,15
1605018302.037746,14
1605018302.060935,15
1605018302.081748,15
1605018302.103125,15
1605018302.121208,14
1605018302.155865,14
1605018302.184039,13
1605018302.206292,14
1605018302.235031,14
1605018302.265450,14
1605018302.297447,13
1605018302.320415,14
1605018302.352359,14
1605018302.380097,13
1605018302.401755,14
1605018302.421493,14
1605018302.452281,14
1605018302.481066,14
1605018302.508428,15
1605018302.537858,14
1605018302.571664,14
1605018302.605928,14
1605018302.641083,15
1605018302.672711,15
1605018302.704938,15
1605018302.723936,15
1605018302.759923,15
1605018302.786523,15
1605018302.817161,14
1605018302.845419,14
1605018302.874091,15
1605018302.903038,16
1605018302.922836,16
1605018302.943986,16
1605018302.966669,16
1605018302.986384,16
1605018303.005004,15
1605018303.024004,16
1605018303.049493,16
1605018303.075581,16
1605018303.095959,16
1605018303.116593,16
1605018303.145108,15
1605018303.176947,15
1605018303.205781,15
1605018303.232095,14
1605018303.269621,15
1605018303.292683,15
1605018303.315482,15
1605018303.338843,15
1605018303.370096,15
1605018303.390238,15
1605018303.410294,14
1605018303.430223,15
1605018303.461910,15
1605018303.482259,15
1605018303.510159,15
1605018303.531013,15
1605018303.566401,15
1605018303.587750,15
1605018303.607694,16
1605018303.629361,16
1605018303.657618,16
1605018303.683723,15
1605018303.704091,16
1605018303.723344,16
1605018303.743946,16
1605018303.771102,16
1605018303.792008,16
1605018303.813105,15
1605018303.832597,16
1605018303.857567,16
1605018303.883502,16
1605018303.903967,17
1605018303.923368,17
1605018303.941529,16
1605018303.969758,17
1605018303.987943,17
1605018304.006636,16
1605018304.025969,17
1605018304.044360,17
1605018304.074346,16
1605018304.101459,17
1605018304.120225,16
1605018304.139924,17
1605018304.171511,15
1605018304.202973,15
1605018304.231286,16
1605018304.258596,16
1605018304.289484,15
1605018304.311843,16
1605018304.334768,16
1605018304.360138,16
1605018304.389967,16
1605018304.409033,16
1605018304.433975,16
1605018304.462426,15
1605018304.488827,16
1605018304.510434,15
1605018304.531366,16
1605018304.561039,15
1605018304.592382,16
1605018304.612729,16
1605018304.637026,15
1605018304.667751,16
1605018304.693986,16
1605018304.721042,15
1605018304.740563,17
1605018304.767874,16
1605018304.794929,17
1605018304.814451,16
1605018304.832940,16
1605018304.850678,17
1605018304.880830,16
1605018304.903391,18
1605018304.922722,18
1605018304.942341,18
1605018304.969379,18
1605018304.994542,17
1605018305.013343,18
1605018305.033536,18
1605018305.051650,18
1605018305.081963,18
1605018305.102359,18
1605018305.123307,17
1605018305.144503,18
1605018305.170184,16
1605018305.201834,17
1605018305.235168,16
1605018305.273675,16
1605018305.312485,17
1605018305.349481,16
1605018305.387088,17
1605018305.436185,17
1605018305.515223,16
1605018305.607413,17
1605018305.673647,16
1605018305.719844,17
1605018305.749922,17
1605018305.790059,17
1605018305.817246,16
1605018305.847561,17
1605018305.888552,16
1605018305.924204,18
1605018305.972878,19
1605018306.023732,19
1605018306.066118,19
1605018306.105627,19
1605018306.136616,19
1605018306.163923,19
1605018306.201774,18
1605018306.235580,18
1605018306.274894,18
1605018306.310423,18
1605018306.345338,18
1605018306.375450,18
1605018306.413724,17
1605018306.455980,18
1605018306.494639,18
1605018306.538174,18
1605018306.585377,18
1605018306.622635,18
1605018306.661188,18
1605018306.709194,17
1605018306.745714,18
1605018306.772153,17
1605018306.805101,17
1605018306.837209,17
1605018306.858686,18
1605018306.892021,19
1605018306.919773,18
1605018306.940438,19
1605018306.963379,18
1605018306.990558,19
1605018307.018287,19
1605018307.039642,19
1605018307.061195,18
1605018307.089903,19
1605018307.116846,19
1605018307.141097,18
1605018307.164010,19
1605018307.194199,18
1605018307.231757,19
1605018307.266962,19
1605018307.305649,18
1605018307.337333,18
1605018307.364338,19
1605018307.386488,18
1605018307.409878,19
1605018307.431410,18
1605018307.452331,19
1605018307.471232,19
1605018307.496217,18
1605018307.525617,19
1605018307.545977,18
1605018307.566423,19
1605018307.593215,18
1605018307.619724,19
1605018307.643005,18
1605018307.672097,19
1605018307.727988,18
1605018307.788689,18
1605018307.845201,19
1605018307.889947,18
1605018307.929852,20
1605018307.955776,20
1605018307.983758,19
1605018308.016793,19
1605018308.054410,20
1605018308.078287,19
1605018308.118276,20
1605018308.150802,20
1605018308.176456,19
1605018308.217501,19
1605018308.265559,19
1605018308.312446,19
1605018308.352055,19
1605018308.403132,18
1605018308.449915,19
1605018308.492242,19
1605018308.528702,19
1605018308.562206,20
1605018308.588231,20
1605018308.627502,20
1605018308.670913,20
1605018308.705542,20
1605018308.739944,20
1605018308.773325,20
1605018308.796920,20
1605018308.836084,20
1605018308.865317,20
1605018308.891353,20
1605018308.925917,19
1605018308.957291,19
1605018308.990253,20
1605018309.016429,19
1605018309.042164,20
1605018309.062101,20
1605018309.081974,19
1605018309.107752,20
1605018309.134373,20
1605018309.158527,20
1605018309.180402,19
1605018309.213806,19
1605018309.241124,18
1605018309.269201,19
1605018309.289408,18
1605018309.317005,19
1605018309.344843,19
1605018309.367708,19
1605018309.386979,18
1605018309.411102,19
1605018309.436944,18
1605018309.455926,19
1605018309.476978,19
1605018309.503284,19
1605018309.530838,19
1605018309.558951,18
1605018309.578792,18
1605018309.598166,16
1605018309.631281,14
1605018309.650041,13
1605018309.668770,11
1605018309.690952,11
1605018309.729121,9
1605018309.754227,10
1605018309.775064,9
1605018309.793717,9
1605018309.819323,10
1605018309.845354,10
1605018309.866382,10
1605018309.887160,9
1605018309.907114,11
1605018309.937759,10
1605018309.958068,11
1605018309.978589,11
1605018309.997275,11
1605018310.025537,11
1605018310.054930,10
1605018310.089001,9
1605018310.125090,10
1605018310.160886,10
1605018310.203564,11
1605018310.261771,11
1605018310.341547,11
1605018310.428200,11
1605018310.495742,11
1605018310.533499,11
1605018310.561331,11
1605018310.589899,11
1605018310.625082,11
1605018310.669275,10
1605018310.718956,11
1605018310.776262,10
1605018310.819578,11
1605018310.861530,10
1605018310.912378,12
1605018310.949184,12
1605018310.987112,11
1605018311.016302,13
1605018311.054170,12
1605018311.091263,11
1605018311.131011,12
1605018311.169813,11
1605018311.206678,12
1605018311.253629,12
1605018311.290241,12
1605018311.326042,11
1605018311.351902,12
1605018311.375260,11
1605018311.399697,12
1605018311.423327,11
1605018311.460770,11
1605018311.497305,12
1605018311.526162,12
1605018311.561026,12
1605018311.591112,12
1605018311.613778,12
1605018311.640527,12
1605018311.669560,12
1605018311.691007,12
1605018311.720711,12
1605018311.753109,12
1605018311.780841,11
1605018311.800643,12
1605018311.820805,12
1605018311.846173,12
1605018311.872429,12
1605018311.892737,13
1605018311.912922,14
1605018311.931992,14
1605018311.961900,14
1605018311.981766,14
1605018312.000488,14
1605018312.020992,13
1605018312.049236,14
1605018312.076004,14
1605018312.095580,14
1605018312.115534,13
1605018312.185991,12
1605018312.239918,13
1605018312.293110,13
1605018312.344299,13
1605018312.376767,12
1605018312.424010,13
1605018312.457774,13
1605018312.498739,13
1605018312.534080,13
1605018312.569564,12
1605018312.603281,12
1605018312.627741,13
1605018312.658059,13
1605018312.685232,12
1605018312.708027,13
1605018312.731416,12
1605018312.760325,13
1605018312.789830,13
1605018312.812397,13
1605018312.833887,14
1605018312.864666,13
1605018312.892590,15
1605018312.921223,15
1605018312.957425,15
1605018312.993466,14
1605018313.017469,15
1605018313.041708,14
1605018313.078657,15
1605018313.120434,14
1605018313.172598,14
1605018313.203256,13
1605018313.246036,14
1605018313.285282,13
1605018313.317774,14
1605018313.345185,13
1605018313.377429,14
1605018313.408851,14
1605018313.429818,13
1605018313.460334,13
1605018313.490121,14
1605018313.521248,14
1605018313.543826,14
1605018313.576852,13
1605018313.606344,13
1605018313.628599,14
1605018313.650393,14
1605018313.682851,14
1605018313.707423,14
1605018313.728812,14
1605018313.748829,13
1605018313.781208,13
1605018313.813862,14
1605018313.839902,14
1605018313.870510,15
1605018313.910344,16
1605018313.946162,15
1605018314.008288,17
1605018314.064485,17
1605018314.143029,17
1605018314.225500,14
1605018314.269570,15
1605018314.303919,14
1605018314.350071,14
1605018314.402372,14
1605018314.445606,14
1605018314.497631,14
1605018314.542343,15
1605018314.583312,15
1605018314.622283,14
1605018314.648068,15
1605018314.697024,15
1605018314.728520,15
1605018314.756841,15
1605018314.793342,15
1605018314.824888,15
1605018314.851562,14
1605018314.892004,16
1605018314.925457,16
1605018314.952028,17
1605018314.993484,16
1605018315.029862,16
1605018315.057174,17
1605018315.090435,17
1605018315.125237,17
1605018315.155648,15
1605018315.201372,16
1605018315.241116,15
1605018315.273304,15
1605018315.309670,16
1605018315.341279,16
1605018315.363439,16
1605018315.395633,16
1605018315.417545,15
1605018315.441410,16
1605018315.462647,15
1605018315.494422,16
1605018315.515454,15
1605018315.538889,16
1605018315.560133,15
1605018315.586526,16
1605018315.614908,16
1605018315.636961,16
1605018315.658488,15
1605018315.685922,16
1605018315.713508,16
1605018315.734660,16
1605018315.757978,16
1605018315.785055,16
1605018315.811075,16
1605018315.831183,16
1605018315.854440,16
1605018315.875161,16
1605018315.905067,17
1605018315.933906,16
1605018315.958071,17
1605018315.989450,17
1605018316.015678,17
1605018316.037705,17
1605018316.057752,17
1605018316.082411,18
1605018316.110946,17
1605018316.133332,18
1605018316.158953,16
1605018316.192784,16
1605018316.221999,17
1605018316.245996,17
1605018316.269748,17
1605018316.297242,17
1605018316.326897,17
1605018316.349857,17
1605018316.369709,16
1605018316.397063,17
1605018316.422943,17
1605018316.443212,17
1605018316.463120,17
1605018316.487292,16
1605018316.514583,17
1605018316.534388,17
1605018316.554288,17
1605018316.572840,17
1605018316.598049,17
1605018316.624100,17
1605018316.645859,17
1605018316.669040,17
1605018316.701089,17
1605018316.730782,17
1605018316.758369,16
1605018316.798117,17
1605018316.825689,17
1605018316.848590,17
1605018316.870384,16
1605018316.903186,17
1605018316.933675,17
1605018316.956210,18
1605018316.978467,18
1605018317.006779,18
1605018317.037642,18
1605018317.057882,18
1605018317.077392,17
1605018317.103429,18
1605018317.133386,17
1605018317.156322,18
1605018317.177308,16
1605018317.205531,17
1605018317.237045,17
1605018317.259590,16
1605018317.280604,17
1605018317.311633,18
1605018317.340172,17
1605018317.360199,18
1605018317.380448,18
1605018317.405828,18
1605018317.434693,18
1605018317.456992,18
1605018317.478054,18
1605018317.504956,18
1605018317.530710,18
1605018317.550512,17
1605018317.570586,18
1605018317.589561,18
1605018317.621474,18
1605018317.640836,18
1605018317.659849,17
1605018317.677845,17
1605018317.708005,18
1605018317.733997,18
1605018317.754255,18
1605018317.773718,17
1605018317.791828,17
1605018317.822198,18
1605018317.840639,18
1605018317.859394,19
1605018317.877942,19
1605018317.898079,20
1605018317.925076,19
1605018317.944412,20
1605018317.962831,20
1605018317.980445,20
1605018318.000579,19
1605018318.027961,20
1605018318.047518,19
1605018318.068049,20
1605018318.086598,20
1605018318.112795,19
1605018318.135460,19
1605018318.155228,19
1605018318.174864,19
1605018318.192785,19
1605018318.227165,18
1605018318.256777,18
1605018318.287368,18
1605018318.319029,18
1605018318.349351,18
1605018318.368763,18
1605018318.389186,17
1605018318.415309,18
1605018318.442440,17
1605018318.462512,18
1605018318.481526,18
1605018318.505387,18
1605018318.534378,18
1605018318.554135,18
1605018318.573605,20
1605018318.591564,20
1605018318.616085,20
1605018318.641337,20
1605018318.660105,20
1605018318.678863,20
1605018318.697124,19
1605018318.727862,20
1605018318.746078,19
1605018318.765385,20
1605018318.784196,19
1605018318.802418,19
1605018318.824030,19
1605018318.844756,18
1605018318.863121,19
1605018318.880429,19
1605018318.898417,20
1605018318.924345,19
1605018318.954123,20
1605018318.972823,19
1605018318.991387,20
1605018319.009321,20
1605018319.028170,20
1605018319.045565,20
1605018319.062881,20
1605018319.080275,20
1605018319.097814,20
1605018319.121473,20
1605018319.145570,20
1605018319.166213,19
1605018319.188754,20
1605018319.207530,19
1605018319.239022,19
1605018319.267328,18
1605018319.289369,19
1605018319.311790,18
1605018319.341002,19
1605018319.361349,18
1605018319.380840,19
1605018319.399375,19
1605018319.423761,18
1605018319.450398,19
1605018319.471882,18
1605018319.490447,18
1605018319.517683,19
1605018319.545406,19
1605018319.568517,19
1605018319.588434,18
1605018319.607449,19
1605018319.633243,19
1605018319.653533,19
1605018319.672838,19
1605018319.690998,19
1605018319.711414,19
1605018319.745809,19
1605018319.764223,18
1605018319.784106,19
1605018319.802696,19
1605018319.828147,19
1605018319.852862,19
1605018319.871905,19
1605018319.890329,19
1605018319.908103,19
1605018319.931783,20
1605018319.953098,20
1605018319.972210,19
1605018319.990126,19
1605018320.007583,19
1605018320.030554,20
1605018320.054420,19
1605018320.072669,19
1605018320.090344,20
1605018320.108109,20
1605018320.134986,19
1605018320.161909,20
1605018320.182680,19
1605018320.204503,19
1605018320.232860,18
1605018320.261316,19
1605018320.286653,19
1605018320.308084,19
1605018320.339579,19
1605018320.365466,19
1605018320.384623,19
1605018320.404403,19
1605018320.432635,19
1605018320.457640,18
1605018320.476952,18
1605018320.495332,19
1605018320.513044,19
1605018320.537842,18
1605018320.561690,20
1605018320.580321,18
1605018320.600162,18
1605018320.618465,16
1605018320.643371,14
1605018320.662321,13
1605018320.680697,13
1605018320.700330,11
1605018320.725498,9
1605018320.773549,9
1605018320.823320,10
1605018320.869328,9
1605018320.931672,11
1605018320.983405,11
1605018321.020495,11
1605018321.045980,11
1605018321.074067,9
1605018321.105988,9
1605018321.147306,10
1605018321.190520,11
1605018321.223770,11
1605018321.246351,11
1605018321.271748,11
1605018321.292990,11
1605018321.322119,11
1605018321.353731,11
1605018321.385153,10
1605018321.408584,11
1605018321.430495,10
1605018321.462128,10
1605018321.490144,11
1605018321.509725,10
1605018321.529511,11
1605018321.558492,10
1605018321.579598,11
1605018321.601640,11
1605018321.622327,10
1605018321.649024,11
1605018321.675827,11
1605018321.697383,11
1605018321.716636,11
1605018321.743081,11
1605018321.769468,10
1605018321.789003,11
1605018321.809692,11
1605018321.828741,11
1605018321.860381,11
1605018321.880856,10
1605018321.902183,12
1605018321.927977,11
1605018321.954015,12
1605018321.983855,12
1605018322.004280,12
1605018322.024044,12
1605018322.049727,13
1605018322.076273,11
1605018322.108618,11
1605018322.141397,11
1605018322.175690,11
1605018322.208139,11
1605018322.230850,12
1605018322.254079,11
1605018322.273766,12
1605018322.292181,12
1605018322.310703,12
1605018322.329192,12
1605018322.354974,12
1605018322.383182,11
1605018322.403937,12
1605018322.424920,12
1605018322.456338,12
1605018322.481883,12
1605018322.504483,12
1605018322.530932,12
1605018322.562011,11
1605018322.597344,12
1605018322.632121,12
1605018322.677902,11
1605018322.733103,12
1605018322.773944,12
1605018322.806732,11
1605018322.826904,12
1605018322.847191,12
1605018322.868784,12
1605018322.887874,12
1605018322.906065,14
1605018322.924267,14
1605018322.942438,14
1605018322.972285,14
1605018322.991526,14
1605018323.011157,13
1605018323.030621,13
1605018323.054528,14
1605018323.077935,13
1605018323.096933,13
1605018323.129999,12
1605018323.160739,12
1605018323.189377,12
1605018323.220265,13
1605018323.246785,13
1605018323.267800,13
1605018323.288874,13
1605018323.325976,13
1605018323.374329,12
1605018323.448638,13
1605018323.516007,12
1605018323.567425,13
1605018323.598166,13
1605018323.620738,13
1605018323.649861,13
1605018323.684968,13
1605018323.706316,12
1605018323.730314,13
1605018323.750319,13
1605018323.781525,13
1605018323.804346,12
1605018323.828810,13
1605018323.848323,13
1605018323.878766,14
1605018323.908967,15
1605018323.936584,15
1605018323.969976,15
1605018323.998077,14
1605018324.018758,15
1605018324.040231,15
1605018324.064696,15
1605018324.089772,15
1605018324.110696,14
1605018324.132056,14
1605018324.168592,14
1605018324.197913,14
1605018324.228145,14
1605018324.260258,14
1605018324.283575,14
1605018324.305338,13
1605018324.329220,14
1605018324.353695,13
1605018324.385375,13
1605018324.405706,14
1605018324.426923,14
1605018324.445817,14
1605018324.476895,14
1605018324.508495,14
1605018324.533580,14
1605018324.553498,14
1605018324.587117,14
1605018324.606579,14
1605018324.626533,13
1605018324.646825,14
1605018324.673861,14
1605018324.702259,14
1605018324.722834,13
1605018324.742873,14
1605018324.766978,14
1605018324.797798,14
1605018324.817463,14
1605018324.837946,13
1605018324.857327,13
1605018324.889811,14
1605018324.910474,16
1605018324.929312,16
1605018324.949265,15
1605018324.971088,16
1605018324.996810,15
1605018325.016505,15
1605018325.036389,16
1605018325.056505,16
1605018325.080262,15
1605018325.110269,15
1605018325.129373,15
1605018325.152737,15
1605018325.182255,14
1605018325.208301,14
1605018325.236841,15
1605018325.267323,15
1605018325.291122,14
1605018325.310517,15
1605018325.330793,15
1605018325.348915,15
1605018325.367172,15
1605018325.396027,15
1605018325.416846,15
1605018325.436221,14
1605018325.456114,15
1605018325.481739,15
1605018325.509875,15
1605018325.529766,15
1605018325.549822,14
1605018325.568480,15
1605018325.595155,14
1605018325.613556,14
1605018325.633874,15
1605018325.655478,15
1605018325.682348,15
1605018325.710200,15
1605018325.735124,15
1605018325.755352,15
1605018325.783256,15
1605018325.811894,15
1605018325.832676,15
1605018325.851837,15
1605018325.876999,15
1605018325.903668,15
1605018325.922826,16
1605018325.941928,16
1605018325.959528,17
1605018325.981261,17
1605018326.006757,17
1605018326.025886,17
1605018326.044410,17
1605018326.062990,17
1605018326.086510,17
1605018326.111610,16
1605018326.130975,16
1605018326.150026,16
1605018326.178763,15
1605018326.205345,16
1605018326.232696,16
1605018326.262720,15
1605018326.293558,15
1605018326.324804,15
1605018326.345511,16
1605018326.367195,16
1605018326.398319,16
1605018326.429636,16
1605018326.450662,16
1605018326.471500,15
1605018326.506026,15
1605018326.526549,16
1605018326.547876,16
1605018326.570205,16
1605018326.595592,16
1605018326.621932,16
1605018326.644189,16
1605018326.663165,15
1605018326.724083,17
1605018326.764158,16
1605018326.787409,18
1605018326.808977,17
1605018326.829016,18
1605018326.853743,18
1605018326.881126,18
1605018326.903570,19
1605018326.931643,19
1605018326.956490,18
1605018326.980858,19
1605018326.999755,19
1605018327.020020,18
1605018327.042475,18
1605018327.061332,18
1605018327.079651,18
1605018327.098197,18
1605018327.116240,18
1605018327.135972,19
1605018327.159676,19
1605018327.179983,17
1605018327.211088,18
1605018327.245628,16
1605018327.267009,17
1605018327.288156,17
1605018327.306756,17
1605018327.325267,17
1605018327.343759,16
1605018327.362069,17
1605018327.380245,17
1605018327.398689,17
1605018327.419619,17
1605018327.443953,17
1605018327.462035,17
1605018327.480469,17
1605018327.498856,17
1605018327.528423,17
1605018327.548318,17
1605018327.567281,17
1605018327.588502,16
1605018327.610508,17
1605018327.630264,17
1605018327.648742,16
1605018327.678728,17
1605018327.701975,16
1605018327.723927,17
1605018327.742403,17
1605018327.760689,17
1605018327.779042,17
1605018327.798385,18
1605018327.816619,19
1605018327.834795,19
1605018327.854712,19
1605018327.875936,19
1605018327.893513,20
1605018327.911416,20
1605018327.928991,20
1605018327.946694,20
1605018327.964310,20
1605018327.982746,20
1605018328.000501,20
1605018328.018212,20
1605018328.035534,20
1605018328.054005,17
1605018328.071510,17
1605018328.089229,17
1605018328.111934,18
1605018328.131788,18
1605018328.152924,16
1605018328.173075,16
1605018328.190449,16
1605018328.214851,16
1605018328.235287,16
1605018328.256061,16
1605018328.273586,16
1605018328.290870,16
1605018328.308565,16
1605018328.326044,16
1605018328.343555,16
1605018328.360876,16
1605018328.378042,15
1605018328.396102,14
1605018328.413212,15
1605018328.430320,15
1605018328.447284,14
1605018328.464382,13
1605018328.481817,15
1605018328.498831,14
1605018328.516003,14
1605018328.533129,13
1605018328.549757,12
1605018328.566557,12
1605018328.583390,11
1605018328.600266,10
1605018328.616965,8
1605018328.633665,8
1605018328.650475,8
1605018328.667621,8
1605018328.684725,9
1605018328.702136,9
1605018328.727087,8
1605018328.746008,10
1605018328.766020,10
1605018328.786714,9
1605018328.806463,8
1605018328.824094,8
1605018328.841964,9
1605018328.859097,9
1605018328.877160,10
1605018328.894511,11
1605018328.911697,11
1605018328.929478,11
1605018328.946597,11
1605018328.964106,11
1605018328.981303,11
1605018328.998835,10
1605018329.015951,10
1605018329.033025,9
1605018329.050471,8
1605018329.067178,8
1605018329.093444,9
1605018329.113969,8
1605018329.134154,10
1605018329.155793,10
1605018329.173109,10
1605018329.190904,10
1605018329.207980,10
1605018329.226268,9
1605018329.243139,9
1605018329.260423,9
1605018329.277402,9
1605018329.294456,9
1605018329.321397,9
1605018329.340606,8
1605018329.359099,8
1605018329.376528,9
1605018329.394035,9
1605018329.411573,9
1605018329.429164,9
1605018329.446160,10
1605018329.463295,10
1605018329.480176,10
1605018329.496722,10
1605018329.514322,10
1605018329.531714,10
1605018329.548342,10
1605018329.565496,9
1605018329.582851,9
1605018329.603011,10
1605018329.619539,10
1605018329.637025,10
1605018329.654168,10
1605018329.682827,10
1605018329.719608,12
1605018329.736588,12
1605018329.753925,12
1605018329.770638,12
1605018329.788728,12
1605018329.808625,11
1605018329.829633,12
1605018329.846199,11
1605018329.863041,11
1605018329.885024,10
1605018329.907272,9
1605018329.927091,9
1605018329.946460,10
1605018329.965883,10
1605018329.987572,9
1605018330.006233,9
1605018330.024605,10
1605018330.044643,11
1605018330.062267,11
1605018330.086971,10
1605018330.105681,11
1605018330.123220,11
1605018330.144017,11
1605018330.162617,11
1605018330.189560,11
1605018330.212152,11
1605018330.231112,10
1605018330.250613,11
1605018330.271712,11
1605018330.295388,10
1605018330.315380,11
1605018330.336023,11
1605018330.356990,11
1605018330.380909,11
1605018330.406299,11
1605018330.426956,11
1605018330.447381,12
1605018330.468288,12
1605018330.501086,12
1605018330.533769,12
1605018330.559300,12
1605018330.592686,10
1605018330.626711,11
1605018330.648366,11
1605018330.669678,10
1605018330.704792,11
1605018330.727390,11
1605018330.748854,10
1605018330.771250,11
1605018330.803859,11
1605018330.825541,11
1605018330.848243,10
1605018330.867433,11
1605018330.896802,10
1605018330.923085,11
1605018330.942491,10
1605018330.964454,11
1605018330.988301,11
1605018331.014083,11
1605018331.035604,14
1605018331.056769,14
1605018331.076306,15
1605018331.107389,14
1605018331.138097,15
1605018331.170604,15
1605018331.200104,15
1605018331.232529,15
1605018331.264936,15
1605018331.297163,15
1605018331.328637,15
1605018331.360483,14
1605018331.381920,13
1605018331.415894,14
1605018331.446754,11
1605018331.475301,13
1605018331.513087,13
1605018331.540265,14
1605018331.570910,14
1605018331.604242,14
1605018331.634241,15
1605018331.666682,15
1605018331.694949,14
1605018331.730418,15
1605018331.759420,13
1605018331.781499,14
1605018331.811427,14
1605018331.838639,12
1605018331.858711,13
1605018331.879417,13
1605018331.904635,12
1605018331.929807,14
1605018331.949958,14
1605018331.970745,13
1605018331.988758,14
1605018332.021399,13
1605018332.040708,14
1605018332.060501,14
1605018332.080004,14
1605018332.103966,14
1605018332.130670,13
1605018332.150914,14
1605018332.171968,14
1605018332.190354,14
1605018332.221967,14
1605018332.241834,14
1605018332.265386,15
1605018332.287434,15
1605018332.320925,15
1605018332.345136,13
1605018332.363898,14
1605018332.383427,14
1605018332.409306,14
1605018332.438865,14
1605018332.457430,14
1605018332.477412,14
1605018332.503284,14
1605018332.527983,14
1605018332.547550,14
1605018332.566658,14
1605018332.586340,13
1605018332.610116,13
1605018332.632529,13
1605018332.652815,12
1605018332.671341,12
1605018332.689690,13
1605018332.716772,13
1605018332.736612,12
1605018332.755425,13
1605018332.775704,13
1605018332.793907,13
1605018332.822814,12
1605018332.842491,13
1605018332.863220,12
1605018332.882030,13
1605018332.901464,14
1605018332.933010,13
1605018332.954274,14
1605018332.972157,14
1605018332.990558,13
1605018333.014458,14
1605018333.038160,14
1605018333.056558,13
1605018333.077109,15
1605018333.094907,15
1605018333.118862,15
1605018333.142049,15
1605018333.163993,15
1605018333.185813,14
1605018333.213831,15
1605018333.241444,15
1605018333.262425,15
1605018333.282978,14
1605018333.303189,14
1605018333.331157,14
1605018333.350342,13
1605018333.369932,14
1605018333.389409,14
1605018333.414493,13
1605018333.440133,14
1605018333.459648,14
1605018333.479600,13
1605018333.498938,14
1605018333.523433,14
1605018333.542958,13
1605018333.563745,14
1605018333.582589,14
1605018333.600328,14
1605018333.626703,13
1605018333.645608,14
1605018333.665368,14
1605018333.686985,13
1605018333.704505,13
1605018333.724233,14
1605018333.745216,14
1605018333.764972,14
1605018333.784815,13
1605018333.802643,13
1605018333.833169,14
1605018333.853471,14
1605018333.872231,14
1605018333.891728,14
1605018333.910624,15
1605018333.937641,15
1605018333.957262,15
1605018333.978636,14
1605018333.997138,14
1605018334.021302,15
1605018334.046592,15
1605018334.065352,15
1605018334.084176,15
1605018334.102889,15
1605018334.128235,15
1605018334.151557,16
1605018334.172013,15
1605018334.192195,16
1605018334.211103,16
1605018334.240774,15
1605018334.266550,16
1605018334.288649,16
1605018334.309178,16
1605018334.340733,16
1605018334.360032,16
1605018334.380192,16
1605018334.400147,14
1605018334.425692,15
1605018334.451720,15
1605018334.470812,15
1605018334.490498,15
1605018334.507852,15
1605018334.533939,15
1605018334.557373,16
1605018334.577581,15
1605018334.595589,16
1605018334.613371,16
1605018334.632909,16
1605018334.654757,16
1605018334.674587,15
1605018334.694627,16
1605018334.714103,16
1605018334.742417,16
1605018334.761545,16
1605018334.780794,15
1605018334.800571,15
1605018334.825052,15
1605018334.850106,15
1605018334.869413,14
1605018334.887739,15
1605018334.905618,15
1605018334.929907,15
1605018334.954772,15
1605018334.973809,15
1605018334.993852,16
1605018335.011880,16
1605018335.036711,16
1605018335.055984,17
1605018335.075122,17
1605018335.104829,17
1605018335.134537,17
1605018335.162040,16
1605018335.186758,17
1605018335.209255,17
1605018335.237869,18
1605018335.264806,18
1605018335.286772,18
1605018335.307597,16
1605018335.333930,17
1605018335.362446,18
1605018335.381166,18
1605018335.401190,17
1605018335.419812,17
1605018335.441554,18
1605018335.462205,18
1605018335.482023,17
1605018335.501965,16
1605018335.528847,17
1605018335.556015,17
1605018335.575282,17
1605018335.595212,17
1605018335.617823,15
1605018335.653490,16
1605018335.672856,16
1605018335.703209,16
1605018335.720999,16
1605018335.751350,15
1605018335.784295,16
1605018335.809290,15
1605018335.837739,16
1605018335.868299,16
1605018335.899280,16
1605018335.920480,16
1605018335.954554,16
1605018335.975374,16
1605018335.996241,16
1605018336.017415,16
1605018336.044332,16
1605018336.069936,15
1605018336.091199,16
1605018336.111872,16
1605018336.134735,15
1605018336.164241,16
1605018336.186211,17
1605018336.205000,17
1605018336.225372,17
1605018336.250654,17
1605018336.276761,16
1605018336.309495,17
1605018336.343714,16
1605018336.375537,16
1605018336.396891,17
1605018336.419331,17
1605018336.439435,16
1605018336.469951,17
1605018336.489061,16
1605018336.511672,17
1605018336.533083,17
1605018336.563024,17
1605018336.582572,17
1605018336.602456,16
1605018336.623335,17
1605018336.649654,16
1605018336.678898,17
1605018336.702578,17
1605018336.724823,17
1605018336.753833,17
1605018336.778904,16
1605018336.800852,17
1605018336.820363,17
1605018336.849872,17
1605018336.875864,16
1605018336.909152,17
1605018336.928090,17
1605018336.954435,17
1605018336.980291,17
1605018337.004539,16
1605018337.025315,17
1605018337.054869,16
1605018337.081546,17
1605018337.102537,16
1605018337.123286,17
1605018337.149107,17
1605018337.177429,17
1605018337.199598,16
1605018337.220393,17
1605018337.244461,17
1605018337.278504,16
1605018337.302226,17
1605018337.322001,17
1605018337.342200,16
1605018337.377289,18
1605018337.398149,18
1605018337.418077,18
1605018337.437722,18
1605018337.462291,18
1605018337.490075,17
1605018337.519349,18
1605018337.541221,18
1605018337.571742,17
1605018337.594344,18
1605018337.621054,17
1605018337.643571,18
1605018337.675216,18
1605018337.708385,18
1605018337.730693,17
1605018337.765009,17
1605018337.797078,18
1605018337.819435,18
1605018337.840562,18
1605018337.869541,18
1605018337.893690,17
1605018337.916658,18
1605018337.938033,18
1605018337.965982,18
1605018337.996823,18
1605018338.021555,17
1605018338.043746,18
1605018338.073368,17
1605018338.109010,18
1605018338.132460,19
1605018338.166325,19
1605018338.196447,19
1605018338.219564,19
1605018338.241885,19
1605018338.272210,19
1605018338.300847,18
1605018338.323429,19
1605018338.350897,19
1605018338.381323,18
1605018338.406543,19
1605018338.428614,18
1605018338.450411,18
1605018338.485245,18
1605018338.510456,17
1605018338.537328,18
1605018338.571881,17
1605018338.605935,17
1605018338.634296,19
1605018338.669522,18
1605018338.701021,19
1605018338.734079,18
1605018338.765995,18
1605018338.787450,19
1605018338.808881,19
1605018338.832388,18
1605018338.855182,19
1605018338.885888,19
1605018338.910514,18
1605018338.931044,19
1605018338.951029,19
1605018338.977013,18
1605018339.002977,19
1605018339.022949,18
1605018339.045619,19
1605018339.075227,20
1605018339.101771,20
1605018339.121425,19
1605018339.146393,20
1605018339.173707,19
1605018339.205996,19
1605018339.229116,20
1605018339.254347,20
1605018339.282428,19
1605018339.312423,20
1605018339.340902,20
1605018339.362469,18
1605018339.397123,18
1605018339.417513,19
1605018339.436446,19
1605018339.457943,19
1605018339.492637,19
1605018339.511900,19
1605018339.531240,19
1605018339.551097,19
1605018339.577095,18
1605018339.605839,18
1605018339.626469,19
1605018339.645097,19
1605018339.663915,19
1605018339.693703,19
1605018339.713467,19
1605018339.733279,19
1605018339.756056,19
1605018339.783386,18
1605018339.808984,19
1605018339.837153,19
1605018339.855794,19
1605018339.876994,19
1605018339.895882,18
1605018339.915358,19
1605018339.939452,19
1605018339.959488,19
1605018339.986939,20
1605018340.011123,19
1605018340.030752,20
1605018340.049640,20
1605018340.067292,20
1605018340.093493,20
1605018340.113274,20
1605018340.133514,20
1605018340.153791,19
1605018340.175995,20
1605018340.203873,19
1605018340.224346,20
1605018340.245989,20
1605018340.266385,19
1605018340.291231,20
1605018340.319776,19
1605018340.343252,20
1605018340.362876,20
1605018340.388822,20
1605018340.418332,20
1605018340.438453,20
1605018340.461299,19
1605018340.489931,20
1605018340.514769,20
1605018340.533894,20
1605018340.552373,20
1605018340.570326,20
1605018340.593280,19
1605018340.616749,20
1605018340.637362,20
1605018340.657566,19
1605018340.681465,20
1605018340.709920,20
1605018340.730616,20
1605018340.752231,20
1605018340.770901,18
1605018340.797062,19
1605018340.821808,19
1605018340.845708,19
1605018340.868319,18
1605018340.895442,19
1605018340.921957,19
1605018340.942657,19
1605018340.965647,18
1605018340.993577,19
1605018341.019788,19
1605018341.038600,19
1605018341.058593,19
1605018341.076742,17
1605018341.101471,19
1605018341.127225,17
1605018341.150196,16
1605018341.170613,16
1605018341.193017,14
1605018341.218076,13
1605018341.239250,11
1605018341.262586,9
1605018341.281916,9
1605018341.311568,10
1605018341.332431,10
1605018341.350599,9
1605018341.369934,9
1605018341.401360,10
1605018341.427184,10
1605018341.447866,9
1605018341.467554,10
1605018341.494191,10
1605018341.523262,10
1605018341.542606,10
1605018341.567959,10
1605018341.587530,10
1605018341.621971,10
1605018341.651712,9
1605018341.670300,10
1605018341.698243,10
1605018341.725264,9
1605018341.749839,11
1605018341.777718,11
1605018341.808184,10
1605018341.835400,11
1605018341.854752,10
1605018341.874597,11
1605018341.903556,11
1605018341.928694,11
1605018341.949242,10
1605018341.967766,10
1605018341.986050,11
1605018342.009597,11
1605018342.033969,11
1605018342.053216,11
1605018342.072284,11
1605018342.089941,12
1605018342.125486,12
1605018342.147238,12
1605018342.168583,12
1605018342.187008,12
1605018342.214637,12
1605018342.243645,12
1605018342.266681,12
1605018342.286026,11
1605018342.326508,10
1605018342.353060,11
1605018342.381794,12
1605018342.409482,12
1605018342.438074,12
1605018342.459514,12
1605018342.480502,11
1605018342.499021,11
1605018342.532894,10
1605018342.558282,19
1605018342.579279,18
1605018342.599027,19
1605018342.632473,18
1605018342.651642,19
1605018342.671056,19
1605018342.691185,18
1605018342.716551,18
1605018342.744843,17
1605018342.772159,19
1605018342.801308,19
1605018342.832717,20
1605018342.869440,19
1605018342.892364,20
1605018342.922069,20
1605018342.949964,20
1605018342.970470,20
1605018342.994020,19
1605018343.021854,20
1605018343.050866,20
1605018343.082064,20
1605018343.113801,20
1605018343.145299,19
1605018343.177825,20
1605018343.200171,20
1605018343.233352,19
1605018343.259718,20
1605018343.283011,19
1605018343.303310,20
1605018343.335269,20
1605018343.356444,20
1605018343.380421,19
1605018343.401909,20
1605018343.436891,20
1605018343.456268,20
1605018343.480758,20
1605018343.507527,20
1605018343.539672,20
1605018343.561432,20
1605018343.582830,19
1605018343.603052,20
1605018343.630931,19
1605018343.655068,20
1605018343.675653,20
1605018343.698682,19
1605018343.725432,19
1605018343.753284,19
1605018343.781886,19
1605018343.800920,19
1605018343.820178,19
1605018343.841476,19
1605018343.862070,20
1605018343.882593,20
1605018343.901077,20
1605018343.925688,20
1605018343.951744,19
1605018343.972916,20
1605018343.992156,19
1605018344.010674,17
1605018344.039624,19
1605018344.059042,18
1605018344.079536,19
1605018344.097129,19
1605018344.126140,19
1605018344.153343,19
1605018344.174825,19
1605018344.194921,19
1605018344.216676,19
1605018344.246255,18
1605018344.275092,17
1605018344.303792,20
1605018344.333451,19
1605018344.358999,20
1605018344.381624,19
1605018344.403656,20
1605018344.432606,19
1605018344.458535,20
1605018344.478834,19
1605018344.498475,20
1605018344.516311,20
1605018344.545243,19
1605018344.564902,19
1605018344.584261,18
1605018344.605910,15
1605018344.630770,13
1605018344.656132,14
1605018344.681068,13
1605018344.700388,14
1605018344.729385,13
1605018344.753432,14
1605018344.778179,13
1605018344.798467,14
1605018344.816511,14
1605018344.849578,14
1605018344.868209,16
1605018344.887541,16
1605018344.908926,16
1605018344.933753,16
1605018344.961070,16
1605018344.980856,16
1605018344.999714,16
1605018345.018259,16
1605018345.042050,17
1605018345.063999,17
1605018345.083892,16
1605018345.114641,16
1605018345.145272,18
1605018345.176370,18
1605018345.203657,18
1605018345.225333,19
1605018345.248294,19
1605018345.266185,19
1605018345.284401,18
1605018345.302196,18
1605018345.329244,19
1605018345.354898,18
1605018345.385696,18
1605018345.411597,17
1605018345.439656,18
1605018345.467479,18
1605018345.488862,17
1605018345.507700,17
1605018345.526675,18
1605018345.556804,17
1605018345.577817,18
1605018345.598319,18
1605018345.616371,18
1605018345.643863,18
1605018345.672255,18
1605018345.701872,17
1605018345.727851,18
1605018345.755480,18
1605018345.779451,17
1605018345.797675,17
1605018345.816312,18
1605018345.839745,18
1605018345.865515,18
1605018345.885424,18
1605018345.905771,18
1605018345.934218,18
1605018345.963217,18
1605018345.982985,18
1605018346.007338,18
1605018346.034251,19
1605018346.065332,19
1605018346.089154,18
1605018346.108856,19
1605018346.130460,19
1605018346.161443,20
1605018346.181707,20
1605018346.201999,19
1605018346.223414,20
1605018346.249094,19
1605018346.277105,20
1605018346.307966,20
1605018346.341946,20
1605018346.377626,19
1605018346.408909,20
1605018346.438147,20
1605018346.461042,19
1605018346.480659,20
1605018346.499172,20
1605018346.517715,20
1605018346.535943,20
1605018346.564103,20
1605018346.590122,19
1605018346.613738,19
1605018346.636404,17
1605018346.668771,15
1605018346.704113,14
1605018346.727620,15
1605018346.757035,15
1605018346.785128,13
1605018346.804776,14
1605018346.823972,14
1605018346.843584,14
1605018346.873019,13
1605018346.891877,12
1605018346.914469,11
1605018346.935183,11
1605018346.965890,8
1605018346.985637,8
1605018347.005617,8
1605018347.026065,6
1605018347.045171,6
1605018347.073363,7
1605018347.093221,6
1605018347.112381,8
1605018347.140023,7
1605018347.167534,8
1605018347.197269,8
1605018347.218518,9
1605018347.238862,8
1605018347.273503,9
1605018347.293674,9
1605018347.313509,9
1605018347.331551,9
1605018347.355556,8
1605018347.456367,9
1605018347.484957,8
1605018347.513907,8
1605018347.539217,9
1605018347.572034,9
1605018347.600631,8
1605018347.620122,8
1605018347.641428,8
1605018347.669475,8
1605018347.695904,8
1605018347.714479,8
1605018347.741951,7
1605018347.769831,9
1605018347.798850,9
1605018347.818425,9
1605018347.841129,8
1605018347.867487,9
1605018347.892049,9
1605018347.912333,9
1605018347.930316,9
1605018347.948824,9
1605018347.973546,9
1605018347.994510,9
1605018348.014062,9
1605018348.033051,8
1605018348.050766,8
1605018348.081078,9
1605018348.099463,8
1605018348.118382,9
1605018348.138393,9
1605018348.158336,9
1605018348.186489,9
1605018348.210212,8
1605018348.231161,9
1605018348.251303,9
1605018348.285002,9
1605018348.306877,8
1605018348.339197,8
1605018348.373275,9
1605018348.400531,9
1605018348.422503,8
1605018348.442020,10
1605018348.471981,10
1605018348.497831,10
1605018348.518272,9
1605018348.538455,10
1605018348.558022,10
1605018348.578900,10
1605018348.599750,9
1605018348.619185,10
1605018348.639899,10
1605018348.658587,10
1605018348.687255,10
1605018348.706962,10
1605018348.728020,9
1605018348.746881,10
1605018348.774827,10
1605018348.800027,10
1605018348.819049,10
1605018348.839750,9
1605018348.865671,10
1605018348.900281,10
1605018348.928607,10
1605018348.956454,10
1605018348.992553,10
1605018349.022139,9
1605018349.048998,9
1605018349.100631,9
1605018349.128211,10
1605018349.157360,10
1605018349.192006,10
1605018349.223447,11
1605018349.251113,11
1605018349.279768,11
1605018349.313049,11
1605018349.349899,11
1605018349.385020,11
1605018349.413231,11
1605018349.441464,10
1605018349.467819,11
1605018349.499388,11
1605018349.527775,11
1605018349.547758,11
1605018349.568852,10
1605018349.601939,10
1605018349.622264,11
1605018349.642629,11
1605018349.662188,11
1605018349.691089,11
1605018349.716087,11
1605018349.740407,11
1605018349.760799,10
1605018349.789434,11
1605018349.816582,11
1605018349.838927,11
1605018349.859187,10
1605018349.887732,11
1605018349.916974,11
1605018349.938538,10
1605018349.960696,11
1605018349.990555,11
1605018350.018365,10
1605018350.037701,11
1605018350.060449,12
1605018350.089977,12
1605018350.115419,11
1605018350.136172,12
1605018350.155754,12
1605018350.175181,12
1605018350.208872,12
1605018350.229597,11
1605018350.248907,12
1605018350.270267,12
1605018350.299740,11
1605018350.327830,11
1605018350.352098,12
1605018350.372076,12
1605018350.397376,12
1605018350.421295,11
1605018350.440901,11
1605018350.460173,12
1605018350.478364,12
1605018350.509342,11
1605018350.528706,12
1605018350.547120,12
1605018350.567196,11
1605018350.590173,12
1605018350.614517,12
1605018350.634315,11
1605018350.654492,12
1605018350.673376,12
1605018350.697068,11
1605018350.719662,12
