1605018448.388524,0
1605018448.414489,0
1605018448.445689,0
1605018448.462723,0
1605018448.497011,0
1605018448.517021,0
1605018448.534505,0
1605018448.552706,0
1605018448.572967,0
1605018448.600121,0
1605018448.618146,0
1605018448.637182,0
1605018448.654147,0
1605018448.680300,0
1605018448.704572,0
1605018448.724319,0
1605018448.741654,0
1605018448.758268,0
1605018448.778388,0
1605018448.801867,0
1605018448.824303,0
1605018448.842290,0
1605018448.860072,0
1605018448.885746,0
1605018448.911936,0
1605018448.930469,0
1605018448.949188,0
1605018448.971542,0
1605018448.989758,0
1605018449.009231,0
1605018449.026902,0
1605018449.044379,0
1605018449.060956,0
1605018449.081094,0
1605018449.104967,0
1605018449.124664,0
1605018449.141581,0
1605018449.158362,0
1605018449.174809,0
1605018449.192450,0
1605018449.212650,0
1605018449.236135,0
1605018449.256314,0
1605018449.274031,0
1605018449.299169,0
1605018449.315673,0
1605018449.336075,0
1605018449.355159,0
1605018449.372094,0
1605018449.395766,0
1605018449.414996,0
1605018449.435106,0
1605018449.467947,0
1605018449.493403,0
1605018449.521303,0
1605018449.551614,1
1605018449.574703,0
1605018449.602061,0
1605018449.628587,0
1605018449.657807,0
1605018449.680201,0
1605018449.708940,0
1605018449.733573,0
1605018449.754083,0
1605018449.774114,0
1605018449.799785,0
1605018449.823679,0
1605018449.850395,0
1605018449.869271,0
1605018449.896508,0
1605018449.924326,0
1605018449.942245,0
1605018449.962488,0
1605018449.994175,0
1605018450.022012,0
1605018450.049839,0
1605018450.073905,0
1605018450.101605,0
1605018450.124521,0
1605018450.142191,0
1605018450.159668,0
1605018450.177621,0
1605018450.199466,0
1605018450.221818,0
1605018450.242207,0
1605018450.259237,0
1605018450.275775,0
1605018450.299603,0
1605018450.323275,0
1605018450.342623,0
1605018450.364187,0
1605018450.382145,1
1605018450.404313,0
1605018450.428481,0
1605018450.450420,0
1605018450.469597,0
1605018450.487226,0
1605018450.505526,0
1605018450.525433,0
1605018450.543391,0
1605018450.561718,0
1605018450.579044,0
1605018450.603326,0
1605018450.623847,0
1605018450.642178,0
1605018450.664040,0
1605018450.682352,0
1605018450.709983,0
1605018450.728977,0
1605018450.748291,0
1605018450.769380,0
1605018450.789236,0
1605018450.807779,0
1605018450.827172,0
1605018450.845217,0
1605018450.864861,0
1605018450.881662,0
1605018450.905624,0
1605018450.926737,0
1605018450.944530,0
1605018450.963507,0
1605018450.980270,0
1605018450.996521,0
1605018451.023206,0
1605018451.041518,0
1605018451.058326,0
1605018451.074566,0
1605018451.091231,0
1605018451.110371,0
1605018451.128298,0
1605018451.146151,0
1605018451.165314,0
1605018451.181996,0
1605018451.202906,0
1605018451.226475,0
1605018451.253867,0
1605018451.273852,0
1605018451.291749,0
1605018451.324934,0
1605018451.345047,0
1605018451.365925,0
1605018451.385553,0
1605018451.409813,0
1605018451.433711,0
1605018451.453393,0
1605018451.471775,0
1605018451.489293,0
1605018451.512523,0
1605018451.533859,0
1605018451.552879,0
1605018451.601567,0
1605018451.626429,0
1605018451.649665,0
1605018451.682763,0
1605018451.713317,0
1605018451.740789,0
1605018451.768989,0
1605018451.798245,0
1605018451.834278,0
1605018451.861077,0
1605018451.890186,0
1605018451.917223,0
1605018451.947647,0
1605018451.978651,0
1605018452.013119,0
1605018452.045017,0
1605018452.073032,0
1605018452.091516,0
1605018452.122573,0
1605018452.147902,0
1605018452.166912,0
1605018452.194641,0
1605018452.226708,0
1605018452.255067,0
1605018452.280814,0
1605018452.299950,0
1605018452.328748,0
1605018452.350488,0
1605018452.370348,0
1605018452.391556,0
1605018452.415804,0
1605018452.445222,0
1605018452.465355,0
1605018452.485629,0
1605018452.505443,0
1605018452.533172,0
1605018452.555462,0
1605018452.574579,0
1605018452.594595,0
1605018452.621766,0
1605018452.647445,0
1605018452.666116,0
1605018452.683712,0
1605018452.702821,0
1605018452.733997,0
1605018452.752581,0
1605018452.774409,0
1605018452.793339,0
1605018452.825561,0
1605018452.851296,0
1605018452.872887,0
1605018452.891353,0
1605018452.909635,0
1605018452.940473,0
1605018452.958672,0
1605018452.978719,0
1605018452.997270,0
1605018453.024969,0
1605018453.049530,0
1605018453.068480,0
1605018453.089427,0
1605018453.107374,0
1605018453.132379,0
1605018453.151838,0
1605018453.171611,0
1605018453.189692,0
1605018453.206795,0
1605018453.231402,0
1605018453.253467,0
1605018453.274421,0
1605018453.302150,0
1605018453.332820,0
1605018453.361691,0
1605018453.393315,0
1605018453.411145,0
1605018453.442560,0
1605018453.467418,0
1605018453.486355,0
1605018453.506190,0
1605018453.533196,0
1605018453.557182,0
1605018453.576005,0
1605018453.598369,0
1605018453.620089,0
1605018453.637622,0
1605018453.659498,0
1605018453.678172,0
1605018453.697658,0
1605018453.715291,0
1605018453.738853,0
1605018453.759183,0
1605018453.777724,0
1605018453.797638,0
1605018453.815186,0
1605018453.839864,0
1605018453.859686,0
1605018453.880271,0
1605018453.900691,0
1605018453.919380,0
1605018453.940382,0
1605018453.961267,0
1605018453.991147,0
1605018454.009950,0
1605018454.038692,0
1605018454.064785,0
1605018454.084633,0
1605018454.105407,0
1605018454.122451,0
1605018454.142843,0
1605018454.165019,0
1605018454.183582,0
1605018454.201503,0
1605018454.220394,0
1605018454.244129,0
1605018454.275897,0
1605018454.298580,0
1605018454.319956,0
1605018454.346369,0
1605018454.373560,0
1605018454.392341,0
1605018454.411936,0
1605018454.437852,0
1605018454.463364,0
1605018454.482179,0
1605018454.501783,0
1605018454.520502,0
1605018454.543618,0
1605018454.565994,0
1605018454.592836,0
1605018454.613791,0
1605018454.640267,0
1605018454.666516,0
1605018454.686870,0
1605018454.705305,0
1605018454.722903,0
1605018454.750054,0
1605018454.769251,0
1605018454.789679,0
1605018454.808189,0
1605018454.825437,0
1605018454.848049,0
1605018454.866371,0
1605018454.887269,0
1605018454.905783,0
1605018454.924064,0
1605018454.947724,0
1605018454.968022,0
1605018454.987802,0
1605018455.005335,0
1605018455.022414,0
1605018455.047091,0
1605018455.069771,0
1605018455.089252,0
1605018455.107310,0
1605018455.124883,0
1605018455.148880,0
1605018455.169474,0
1605018455.194979,0
1605018455.217000,0
1605018455.248916,0
1605018455.274526,0
1605018455.294986,0
1605018455.315720,0
1605018455.334776,0
1605018455.365668,0
1605018455.388370,0
1605018455.406677,0
1605018455.426142,0
1605018455.450627,0
1605018455.481987,0
1605018455.501631,0
1605018455.520622,0
1605018455.540443,0
1605018455.569883,0
1605018455.588737,0
1605018455.607606,0
1605018455.626174,0
1605018455.651737,0
1605018455.677419,0
1605018455.697072,0
1605018455.718240,0
1605018455.737836,0
1605018455.757054,0
1605018455.775400,0
1605018455.804307,0
1605018455.822314,0
1605018455.842487,0
1605018455.870064,0
1605018455.888685,0
1605018455.907453,0
1605018455.926232,0
1605018455.953771,0
1605018455.981452,0
1605018456.001356,0
1605018456.020502,0
1605018456.038798,0
1605018456.069193,0
1605018456.088622,0
1605018456.106753,0
1605018456.125564,0
1605018456.149262,0
1605018456.173859,0
1605018456.193040,0
1605018456.213285,0
1605018456.232527,0
1605018456.256938,0
1605018456.281956,0
1605018456.313095,0
1605018456.334666,0
1605018456.363883,0
1605018456.392366,0
1605018456.412310,0
1605018456.444082,0
1605018456.473130,0
1605018456.496979,0
1605018456.516815,0
1605018456.539934,0
1605018456.573687,0
1605018456.592575,0
1605018456.613160,0
1605018456.635795,0
1605018456.663713,0
1605018456.683034,0
1605018456.703214,0
1605018456.721447,0
1605018456.739888,0
1605018456.762733,0
1605018456.783443,0
1605018456.803974,0
1605018456.822618,0
1605018456.846799,0
1605018456.879237,0
1605018456.901111,0
1605018456.921836,0
1605018456.939640,0
1605018456.964397,0
1605018456.987932,0
1605018457.010273,0
1605018457.030592,0
1605018457.049946,0
1605018457.084976,0
1605018457.104839,0
1605018457.127410,0
1605018457.148421,0
1605018457.185426,0
1605018457.208319,0
1605018457.231433,0
1605018457.252035,0
1605018457.286443,0
1605018457.307903,0
1605018457.332179,0
1605018457.361348,0
1605018457.393317,0
1605018457.417518,0
1605018457.438934,0
1605018457.469368,0
1605018457.496773,0
1605018457.517717,0
1605018457.539479,0
1605018457.569283,0
1605018457.596049,0
1605018457.617118,0
1605018457.637699,0
1605018457.658041,0
1605018457.685862,0
1605018457.705586,0
1605018457.725260,0
1605018457.744940,0
1605018457.773121,0
1605018457.797915,0
1605018457.817674,0
1605018457.837506,0
1605018457.854789,0
1605018457.885767,0
1605018457.905730,0
1605018457.926344,0
1605018457.950178,0
1605018457.978947,0
1605018458.007379,0
1605018458.028486,0
1605018458.047481,0
1605018458.077881,0
1605018458.105776,0
1605018458.125057,0
1605018458.144124,0
1605018458.169034,0
1605018458.194103,0
1605018458.225360,0
1605018458.248412,0
1605018458.284083,0
1605018458.321457,0
1605018458.345812,0
1605018458.387037,0
1605018458.413069,0
1605018458.434427,0
1605018458.453833,0
1605018458.478532,0
1605018458.504170,0
1605018458.524605,0
1605018458.546657,0
1605018458.570266,0
1605018458.601784,0
1605018458.622048,0
1605018458.644655,0
1605018458.677962,0
1605018458.709955,0
1605018458.731257,0
1605018458.753847,0
1605018458.781974,0
1605018458.810329,0
1605018458.834458,0
1605018458.857247,0
1605018458.885757,0
1605018458.909727,0
1605018458.929125,0
1605018458.948377,0
1605018458.968242,0
1605018458.997799,0
1605018459.019948,0
1605018459.039973,0
1605018459.061359,0
1605018459.091880,0
1605018459.111767,0
1605018459.131833,0
1605018459.152768,0
1605018459.171251,0
1605018459.197139,0
1605018459.220130,0
1605018459.241076,0
1605018459.261550,0
1605018459.289428,0
1605018459.317882,0
1605018459.337683,0
1605018459.359879,0
1605018459.389962,0
1605018459.415053,0
1605018459.437713,0
1605018459.458544,0
1605018459.485610,0
1605018459.510903,0
1605018459.530721,0
1605018459.552554,0
1605018459.574516,0
1605018459.604907,0
1605018459.625485,0
1605018459.646069,0
1605018459.664788,0
1605018459.690843,0
1605018459.719169,0
1605018459.739059,0
1605018459.759891,0
1605018459.780063,0
1605018459.810179,0
1605018459.831445,0
1605018459.852463,0
1605018459.870603,0
1605018459.894710,0
1605018459.920141,0
1605018459.941891,0
1605018459.964009,0
1605018459.993428,0
1605018460.022706,0
1605018460.043604,0
1605018460.062536,0
1605018460.081381,0
1605018460.109992,0
1605018460.131133,0
1605018460.153234,0
1605018460.172231,0
1605018460.197194,0
1605018460.221565,0
1605018460.244346,0
1605018460.264467,0
1605018460.286387,0
1605018460.314679,0
1605018460.337469,0
1605018460.361811,0
1605018460.382516,0
1605018460.409799,0
1605018460.429358,0
1605018460.450852,0
1605018460.470463,0
1605018460.499409,0
1605018460.523866,0
1605018460.545424,0
1605018460.565363,0
1605018460.584538,0
1605018460.609274,0
1605018460.636260,0
1605018460.657658,0
1605018460.678371,0
1605018460.705031,0
1605018460.723719,0
1605018460.743462,0
1605018460.764236,0
1605018460.784764,0
1605018460.813193,0
1605018460.832243,0
1605018460.851886,0
1605018460.871728,0
1605018460.900543,0
1605018460.926462,0
1605018460.946471,0
1605018460.966267,0
1605018460.984941,0
1605018461.007571,0
1605018461.026873,0
1605018461.046462,0
1605018461.067335,0
1605018461.085274,0
1605018461.108933,0
1605018461.129679,0
1605018461.150876,0
1605018461.169146,0
1605018461.188216,0
1605018461.214606,0
1605018461.244193,0
1605018461.266529,0
1605018461.288472,0
1605018461.322703,0
1605018461.343048,0
1605018461.365543,0
1605018461.387858,0
1605018461.416803,0
1605018461.439659,0
1605018461.460027,0
1605018461.479464,0
1605018461.503389,0
1605018461.528951,0
1605018461.552159,0
1605018461.571274,0
1605018461.593673,0
1605018461.626126,0
1605018461.646991,0
1605018461.669204,0
1605018461.688219,0
1605018461.713060,0
1605018461.738258,0
1605018461.761188,0
1605018461.783964,0
1605018461.814915,0
1605018461.845229,0
1605018461.868632,0
1605018461.890714,0
1605018461.926493,0
1605018461.950330,0
1605018461.973762,0
1605018461.992773,0
1605018462.024917,0
1605018462.044516,0
1605018462.063715,0
1605018462.083593,0
1605018462.104522,0
1605018462.134345,0
1605018462.155645,0
1605018462.175785,0
1605018462.193959,0
1605018462.219793,0
1605018462.244025,0
1605018462.268293,0
1605018462.288082,0
1605018462.321207,0
1605018462.347059,0
1605018462.370154,0
1605018462.399539,0
1605018462.428575,0
1605018462.458188,0
1605018462.482309,0
1605018462.503685,0
1605018462.535041,0
1605018462.555649,0
1605018462.576343,0
1605018462.596479,0
1605018462.623627,0
1605018462.648063,0
1605018462.667389,0
1605018462.686443,0
1605018462.704025,0
1605018462.733164,0
1605018462.752239,0
1605018462.770736,0
1605018462.791280,0
1605018462.811383,0
1605018462.839417,0
1605018462.859592,0
1605018462.879652,0
1605018462.899018,0
1605018462.922379,0
1605018462.949726,0
1605018462.968596,0
1605018462.986496,0
1605018463.004244,0
1605018463.028020,0
1605018463.051141,0
1605018463.069745,0
1605018463.089329,0
1605018463.121844,0
1605018463.151157,0
1605018463.181832,0
1605018463.203350,0
1605018463.225561,0
1605018463.246476,0
1605018463.266983,0
1605018463.284449,0
1605018463.302030,0
1605018463.327918,0
1605018463.356102,0
1605018463.376116,0
1605018463.395223,0
1605018463.413604,0
1605018463.445039,0
1605018463.465261,0
1605018463.484339,0
1605018463.502408,0
1605018463.527976,0
1605018463.556905,0
1605018463.575423,0
1605018463.594257,0
1605018463.612315,0
1605018463.634560,0
1605018463.652786,0
1605018463.671309,0
1605018463.691192,0
1605018463.709386,0
1605018463.732595,0
1605018463.754063,0
1605018463.774715,0
1605018463.793000,0
1605018463.811772,0
1605018463.836108,0
1605018463.855545,0
1605018463.875234,0
1605018463.894623,0
1605018463.913073,0
1605018463.936190,0
1605018463.955978,0
1605018463.976267,0
1605018463.995792,0
1605018464.013641,0
1605018464.036277,0
1605018464.057446,0
1605018464.075185,0
1605018464.093004,0
1605018464.110603,0
1605018464.137729,0
1605018464.158690,0
1605018464.177728,0
1605018464.195326,0
1605018464.213681,0
1605018464.237762,0
1605018464.260215,0
1605018464.281413,0
1605018464.301168,0
1605018464.319110,0
1605018464.349076,0
1605018464.369596,0
1605018464.388635,0
1605018464.407075,0
1605018464.424609,0
1605018464.443530,0
1605018464.461660,0
1605018464.480569,0
1605018464.500625,0
1605018464.518232,0
1605018464.541499,0
1605018464.565063,0
1605018464.583481,0
1605018464.603590,0
1605018464.621805,0
1605018464.646405,0
1605018464.674056,0
1605018464.693952,0
1605018464.713410,0
1605018464.739563,0
1605018464.765735,0
1605018464.785546,0
1605018464.805379,0
1605018464.824528,0
1605018464.853232,0
1605018464.881414,0
1605018464.902204,0
1605018464.921923,0
1605018464.946167,0
1605018464.969070,0
1605018464.988469,0
1605018465.009159,0
1605018465.028544,0
1605018465.049200,0
1605018465.069872,0
1605018465.090961,0
1605018465.111469,0
1605018465.130309,0
1605018465.157276,0
1605018465.178590,0
1605018465.200088,0
1605018465.218511,0
1605018465.245574,0
1605018465.270880,0
1605018465.291907,0
1605018465.310421,0
1605018465.329973,0
1605018465.361751,0
1605018465.383744,0
1605018465.413434,0
1605018465.433344,0
1605018465.465817,0
1605018465.484484,0
1605018465.503707,0
1605018465.521854,0
1605018465.550075,0
1605018465.574776,0
1605018465.594241,0
1605018465.614683,0
1605018465.632756,0
1605018465.653769,0
1605018465.674070,0
1605018465.694748,0
1605018465.712318,0
1605018465.730220,0
1605018465.757051,0
1605018465.775380,0
1605018465.794420,0
1605018465.811960,0
1605018465.830136,0
1605018465.854592,0
1605018465.873363,0
1605018465.891309,0
1605018465.909664,0
1605018465.928124,0
1605018465.952334,0
1605018465.973921,0
1605018465.994111,0
1605018466.014970,0
1605018466.036313,0
1605018466.069081,0
1605018466.090352,0
1605018466.111641,0
1605018466.132491,0
1605018466.158477,0
1605018466.186303,0
1605018466.206251,0
1605018466.226695,0
1605018466.257298,0
1605018466.281196,0
1605018466.301195,0
1605018466.320173,0
1605018466.340092,0
1605018466.373579,0
1605018466.394384,0
1605018466.417698,0
1605018466.441793,0
1605018466.474037,0
1605018466.493186,0
1605018466.512625,0
1605018466.532283,0
1605018466.554667,0
1605018466.578705,0
1605018466.599956,0
1605018466.617687,0
1605018466.642462,0
1605018466.669181,0
1605018466.693379,0
1605018466.712817,0
1605018466.736939,0
1605018466.763775,0
1605018466.784453,0
1605018466.803622,0
1605018466.823499,0
1605018466.841354,0
1605018466.865880,0
1605018466.890185,0
1605018466.916644,0
1605018466.936642,0
1605018466.965350,0
1605018466.987196,0
1605018467.006967,0
1605018467.026590,0
1605018467.044427,0
1605018467.068907,0
1605018467.094878,0
1605018467.115943,0
1605018467.134198,0
1605018467.152283,0
1605018467.181376,0
1605018467.208370,0
1605018467.231887,0
1605018467.252994,0
1605018467.285272,0
1605018467.306963,0
1605018467.327556,0
1605018467.348249,0
1605018467.372066,0
1605018467.397705,0
1605018467.417194,0
1605018467.435759,0
1605018467.455338,0
1605018467.484979,0
1605018467.511634,0
1605018467.531461,0
1605018467.550868,0
1605018467.582230,0
1605018467.609098,0
1605018467.628805,0
1605018467.647671,0
1605018467.673684,0
1605018467.699314,0
1605018467.718482,0
1605018467.738242,0
1605018467.755561,0
1605018467.785496,0
1605018467.803741,0
1605018467.823576,0
1605018467.841602,0
1605018467.859061,0
1605018467.880084,0
1605018467.900454,0
1605018467.920602,0
1605018467.943561,0
1605018467.965829,0
1605018467.997258,0
1605018468.016387,0
1605018468.036564,0
1605018468.057770,0
1605018468.089392,0
1605018468.107634,0
1605018468.127138,0
1605018468.147100,0
1605018468.164356,0
1605018468.183352,0
1605018468.203973,0
1605018468.223880,0
1605018468.244269,0
1605018468.264654,0
1605018468.293618,0
1605018468.315126,0
1605018468.335843,0
1605018468.354793,0
1605018468.381199,0
1605018468.403769,0
1605018468.422816,0
1605018468.441387,0
1605018468.459988,0
1605018468.483748,0
1605018468.505347,0
1605018468.525712,0
1605018468.546650,0
1605018468.564689,0
1605018468.585867,0
1605018468.610386,0
1605018468.631531,0
1605018468.653900,0
1605018468.685120,0
1605018468.707570,0
1605018468.727780,0
1605018468.755179,0
1605018468.781036,0
1605018468.805652,0
1605018468.826672,0
1605018468.847717,0
1605018468.865559,0
1605018468.899405,0
1605018468.923302,0
1605018468.943113,0
1605018468.963048,0
1605018468.989044,0
1605018469.011029,0
1605018469.031575,0
1605018469.050888,0
1605018469.069803,0
1605018469.093366,0
1605018469.115886,0
1605018469.135106,0
1605018469.155424,0
1605018469.174152,0
1605018469.195328,0
1605018469.218387,0
1605018469.240800,0
1605018469.260983,0
1605018469.285485,0
1605018469.310962,0
1605018469.333435,0
1605018469.354979,0
1605018469.374348,0
1605018469.404904,0
1605018469.424741,0
1605018469.445780,0
1605018469.464640,0
1605018469.493200,0
1605018469.521409,0
1605018469.542465,0
1605018469.562885,0
1605018469.582387,0
1605018469.609718,0
1605018469.629579,0
1605018469.648075,0
1605018469.666640,0
1605018469.692997,0
1605018469.716207,0
1605018469.735108,0
1605018469.756840,0
1605018469.797370,0
1605018469.825313,5
1605018469.852590,7
1605018469.873447,10
1605018469.900260,15
1605018469.924525,15
1605018469.944654,15
1605018469.963953,14
1605018469.982055,15
1605018470.008989,15
1605018470.029385,15
1605018470.048256,18
1605018470.066918,19
1605018470.086399,20
1605018470.113697,20
1605018470.134239,20
1605018470.154220,20
1605018470.174530,19
1605018470.202487,20
1605018470.225586,20
1605018470.248029,20
1605018470.268618,19
1605018470.291620,20
1605018470.316247,20
1605018470.337424,20
1605018470.366177,20
1605018470.397505,20
1605018470.427635,20
1605018470.447701,19
1605018470.466282,19
1605018470.485318,20
1605018470.504938,20
1605018470.525179,20
1605018470.545171,19
1605018470.564185,20
1605018470.582391,20
1605018470.613557,20
1605018470.632374,20
1605018470.652618,20
1605018470.671647,20
1605018470.698546,20
1605018470.724555,20
1605018470.745021,20
1605018470.763677,20
1605018470.782117,20
1605018470.807827,20
1605018470.828791,19
1605018470.847854,19
1605018470.866204,18
1605018470.883727,18
1605018470.908483,18
1605018470.928660,19
1605018470.949259,18
1605018470.974185,18
1605018471.003101,19
1605018471.033309,20
1605018471.052177,19
1605018471.074292,20
1605018471.102870,19
1605018471.129162,20
1605018471.147840,20
1605018471.167129,19
1605018471.187623,20
1605018471.215791,19
1605018471.236490,20
1605018471.258839,20
1605018471.277163,20
1605018471.304083,19
1605018471.332067,19
1605018471.353980,18
1605018471.374635,19
1605018471.393752,19
1605018471.424351,19
1605018471.445326,20
1605018471.463746,20
1605018471.481899,19
1605018471.504316,18
1605018471.528836,15
1605018471.547898,12
1605018471.577013,9
1605018471.596533,6
1605018471.627990,2
1605018471.647710,0
1605018471.668051,4
1605018471.686271,1
1605018471.713841,13
1605018471.736695,19
1605018471.755379,19
1605018471.773784,19
1605018471.791903,20
1605018471.817351,20
1605018471.840150,19
1605018471.859114,18
1605018471.877882,18
1605018471.895450,17
1605018471.918248,17
1605018471.939001,18
1605018471.958401,18
1605018471.978999,18
1605018471.996872,16
1605018472.019449,18
1605018472.040583,18
1605018472.059280,18
1605018472.078995,17
1605018472.096563,17
1605018472.125429,16
1605018472.145533,17
1605018472.169905,15
1605018472.190070,18
1605018472.215078,18
1605018472.240643,19
1605018472.263364,18
1605018472.282797,19
1605018472.302204,19
1605018472.333550,18
1605018472.355628,19
1605018472.376456,18
1605018472.395449,17
1605018472.419891,16
1605018472.442475,16
1605018472.463076,17
1605018472.481988,15
1605018472.500819,14
1605018472.529584,12
1605018472.557616,12
1605018472.578047,13
1605018472.596210,12
1605018472.620867,10
1605018472.647608,9
1605018472.669675,7
1605018472.696476,6
1605018472.722498,5
1605018472.753331,5
1605018472.774599,4
1605018472.795678,5
1605018472.820868,4
1605018472.847608,5
1605018472.867978,4
1605018472.894613,5
1605018472.920672,4
1605018472.947933,5
1605018472.966723,4
1605018472.987397,5
1605018473.005953,6
1605018473.029941,5
1605018473.050827,6
1605018473.072022,6
1605018473.090878,6
1605018473.109520,6
1605018473.137368,6
1605018473.156318,6
1605018473.176238,5
1605018473.195649,6
1605018473.226185,5
1605018473.253007,6
1605018473.274328,5
1605018473.299619,6
1605018473.328878,6
1605018473.361491,5
1605018473.395151,5
1605018473.413849,6
1605018473.449734,5
1605018473.469520,5
1605018473.488579,7
1605018473.511065,8
1605018473.544298,8
1605018473.563955,7
1605018473.583576,7
1605018473.602721,7
1605018473.632012,6
1605018473.657560,7
1605018473.678292,6
1605018473.696756,7
1605018473.716541,7
1605018473.750662,7
1605018473.778669,7
1605018473.797130,7
1605018473.822585,6
1605018473.853773,7
1605018473.880743,7
1605018473.900445,7
1605018473.928320,7
1605018473.952085,6
1605018473.972994,7
1605018473.993709,7
1605018474.011792,7
1605018474.036962,7
1605018474.064877,6
1605018474.083958,8
1605018474.106987,8
1605018474.136647,8
1605018474.162965,7
1605018474.181018,7
1605018474.201713,8
1605018474.232085,8
1605018474.257858,7
1605018474.280481,8
1605018474.301876,8
1605018474.321334,8
1605018474.354189,8
1605018474.376596,8
1605018474.397073,8
1605018474.416316,8
1605018474.439906,8
1605018474.462893,8
1605018474.481753,8
1605018474.501700,7
1605018474.521247,8
1605018474.553383,8
1605018474.573778,8
1605018474.594064,8
1605018474.613584,7
1605018474.639772,8
1605018474.665753,8
1605018474.687612,8
1605018474.707410,9
1605018474.731969,9
1605018474.761140,8
1605018474.781035,9
1605018474.800192,9
1605018474.830451,9
1605018474.856921,8
1605018474.880689,9
1605018474.902612,9
1605018474.922518,8
1605018474.948155,9
1605018474.966539,9
1605018474.987808,8
1605018475.007325,9
1605018475.025896,9
1605018475.049575,8
1605018475.070453,9
1605018475.091046,9
1605018475.110528,9
1605018475.131267,8
1605018475.161971,9
1605018475.181643,8
1605018475.202364,9
1605018475.222535,9
1605018475.248538,9
1605018475.279041,8
1605018475.304111,9
1605018475.328159,9
1605018475.364632,9
1605018475.387523,9
1605018475.409234,10
1605018475.430823,10
1605018475.463080,10
1605018475.482131,10
1605018475.506353,9
1605018475.527876,10
1605018475.552676,9
1605018475.576108,10
1605018475.597552,9
1605018475.616204,9
1605018475.636766,10
1605018475.669668,10
1605018475.692982,10
1605018475.711395,9
1605018475.729233,9
1605018475.753658,10
1605018475.777848,9
1605018475.796850,10
1605018475.815987,10
1605018475.834120,10
1605018475.857280,10
1605018475.880268,10
1605018475.903581,10
1605018475.922729,9
1605018475.940478,9
1605018475.960557,10
1605018475.980474,10
1605018475.999365,10
1605018476.019943,9
1605018476.040631,10
1605018476.062167,10
1605018476.084748,9
1605018476.104186,10
1605018476.122519,10
1605018476.142104,10
1605018476.169436,11
1605018476.188679,11
1605018476.222110,11
1605018476.247439,10
1605018476.277731,10
1605018476.299236,11
1605018476.320981,11
1605018476.339817,11
1605018476.365032,11
1605018476.386415,11
1605018476.407313,10
1605018476.429272,11
1605018476.448205,11
1605018476.478007,11
1605018476.496822,11
1605018476.515781,11
1605018476.538519,10
1605018476.568292,11
1605018476.587132,10
1605018476.605984,11
1605018476.626546,11
1605018476.644206,11
1605018476.666880,10
1605018476.688709,11
1605018476.709549,11
1605018476.732021,10
1605018476.753432,11
1605018476.785884,11
1605018476.805610,11
1605018476.840147,11
1605018476.865473,11
1605018476.891962,10
1605018476.910466,10
1605018476.931921,11
1605018476.964865,11
1605018476.989822,11
1605018477.010272,12
1605018477.029805,12
1605018477.049042,12
1605018477.072133,12
1605018477.092127,12
1605018477.110382,12
1605018477.129500,12
1605018477.148034,11
1605018477.175371,12
1605018477.195814,12
1605018477.215361,11
1605018477.235147,12
1605018477.254109,12
1605018477.283893,12
1605018477.304815,12
1605018477.328680,11
1605018477.347675,12
1605018477.372953,12
1605018477.399112,12
1605018477.420029,12
1605018477.439004,11
1605018477.460916,12
1605018477.488923,11
1605018477.510564,12
1605018477.529610,12
1605018477.549191,12
1605018477.573118,12
1605018477.593925,12
1605018477.612887,12
1605018477.633954,11
1605018477.652364,11
1605018477.677294,12
1605018477.697889,11
1605018477.717422,12
1605018477.737283,12
1605018477.758289,12
1605018477.777753,12
1605018477.799120,12
1605018477.818976,12
1605018477.838054,12
1605018477.856533,12
1605018477.879111,13
1605018477.898661,13
1605018477.917914,13
1605018477.936464,13
1605018477.955184,13
1605018477.980897,13
1605018478.001926,13
1605018478.023791,12
1605018478.043772,14
1605018478.065717,14
1605018478.092917,14
1605018478.113180,14
1605018478.132769,14
1605018478.151223,13
1605018478.175422,14
1605018478.199803,13
1605018478.219135,14
1605018478.238151,14
1605018478.257609,13
1605018478.283435,12
1605018478.305913,13
1605018478.327774,13
1605018478.348422,12
1605018478.368497,13
1605018478.397218,12
1605018478.417527,13
1605018478.437655,13
1605018478.458582,12
1605018478.485010,13
1605018478.505540,13
1605018478.529423,13
1605018478.559661,13
1605018478.592736,13
1605018478.619641,14
1605018478.643482,14
1605018478.665777,14
1605018478.691287,13
1605018478.711981,14
1605018478.729552,14
1605018478.747360,14
1605018478.765223,13
1605018478.798006,13
1605018478.829082,14
1605018478.851543,14
1605018478.872703,14
1605018478.903367,14
1605018478.925520,14
1605018478.944719,13
1605018478.963434,13
1605018478.988003,14
1605018479.010641,13
1605018479.029650,14
1605018479.049570,14
1605018479.070862,14
1605018479.101910,14
1605018479.121429,13
1605018479.148674,14
1605018479.168691,14
1605018479.201553,13
1605018479.222091,14
1605018479.243360,14
1605018479.262283,14
1605018479.288995,13
1605018479.314173,14
1605018479.337289,14
1605018479.356477,14
1605018479.375436,14
1605018479.404112,14
1605018479.425273,14
1605018479.444410,13
1605018479.463902,14
1605018479.488840,14
1605018479.512605,14
1605018479.533056,14
1605018479.552843,15
1605018479.571043,15
1605018479.595247,15
1605018479.613634,15
1605018479.634429,15
1605018479.653986,14
1605018479.672769,14
1605018479.696804,15
1605018479.718382,14
1605018479.746570,15
1605018479.768175,13
1605018479.796845,14
1605018479.822553,14
1605018479.850041,14
1605018479.871097,15
1605018479.903422,14
1605018479.924157,15
1605018479.942784,15
1605018479.962185,14
1605018479.980870,14
1605018480.010389,14
1605018480.034512,15
1605018480.054491,15
1605018480.075978,14
1605018480.094778,15
1605018480.115642,15
1605018480.144269,15
1605018480.163769,15
1605018480.184933,15
1605018480.214286,15
1605018480.243500,15
1605018480.266050,15
1605018480.293926,15
1605018480.325224,15
1605018480.345930,15
1605018480.368073,14
1605018480.393285,15
1605018480.418458,15
1605018480.442883,15
1605018480.462912,14
1605018480.482311,15
1605018480.514183,14
1605018480.533201,15
1605018480.554928,16
1605018480.575076,15
1605018480.601701,16
1605018480.627071,15
1605018480.646163,16
1605018480.667435,16
1605018480.690944,15
1605018480.717799,16
1605018480.738130,15
1605018480.758251,16
1605018480.778517,16
1605018480.805359,14
1605018480.836700,14
1605018480.867099,15
1605018480.887443,15
1605018480.926608,16
1605018480.950126,15
1605018480.969784,16
1605018480.992939,16
1605018481.020053,16
1605018481.040624,16
1605018481.059912,15
1605018481.078232,15
1605018481.105816,16
1605018481.132593,16
1605018481.152511,16
1605018481.175296,15
1605018481.203590,16
1605018481.230656,16
1605018481.250187,16
1605018481.269520,15
1605018481.289865,15
1605018481.321263,15
1605018481.342014,16
1605018481.361299,16
1605018481.384317,15
1605018481.410197,16
1605018481.433331,15
1605018481.452720,16
1605018481.475118,16
1605018481.497428,15
1605018481.528712,15
1605018481.557255,17
1605018481.576953,16
1605018481.596104,16
1605018481.625625,16
1605018481.645201,16
1605018481.666160,17
1605018481.685840,17
1605018481.713917,17
1605018481.742644,16
1605018481.762449,17
1605018481.783549,17
1605018481.813000,16
1605018481.839532,15
1605018481.868272,15
1605018481.900571,16
1605018481.928712,16
1605018481.954175,16
1605018481.974585,16
1605018481.993604,16
1605018482.018189,16
1605018482.043851,16
1605018482.065089,15
1605018482.086936,17
1605018482.120593,17
1605018482.149801,17
1605018482.170029,17
1605018482.191949,16
1605018482.224506,16
1605018482.248928,17
1605018482.271141,17
1605018482.291491,17
1605018482.319939,17
1605018482.347947,17
1605018482.369154,16
1605018482.390004,17
1605018482.415216,17
1605018482.441158,17
1605018482.461478,17
1605018482.481277,17
1605018482.500148,16
1605018482.529185,17
1605018482.548241,17
1605018482.567140,18
1605018482.585755,18
1605018482.604831,18
1605018482.633122,17
1605018482.654360,18
1605018482.675232,17
1605018482.694477,17
1605018482.722271,18
1605018482.744551,18
1605018482.764279,18
1605018482.782797,18
1605018482.800898,18
1605018482.823887,16
1605018482.850055,17
1605018482.878397,17
1605018482.899357,17
1605018482.936934,16
1605018482.957417,17
1605018482.976589,17
1605018482.996142,17
1605018483.024704,17
1605018483.048620,16
1605018483.068648,17
1605018483.089224,17
1605018483.109235,17
1605018483.129328,16
1605018483.149424,17
1605018483.168769,17
1605018483.189660,17
1605018483.207415,17
1605018483.239710,17
1605018483.259949,16
1605018483.280955,18
1605018483.301567,18
1605018483.328279,18
1605018483.356107,17
1605018483.379097,18
1605018483.400193,18
1605018483.434909,18
1605018483.461809,18
1605018483.482183,18
1605018483.501755,17
1605018483.528069,18
1605018483.556039,19
1605018483.577033,19
1605018483.597740,18
1605018483.628464,19
1605018483.660594,19
1605018483.682554,19
1605018483.703372,19
1605018483.734038,19
1605018483.767451,19
1605018483.791878,18
1605018483.814566,19
1605018483.846759,18
1605018483.879277,17
1605018483.910299,18
1605018483.944927,18
1605018483.975272,18
1605018483.996199,18
1605018484.027301,18
1605018484.057958,18
1605018484.085213,18
1605018484.106137,18
1605018484.137392,17
1605018484.166823,17
1605018484.189790,18
1605018484.209843,18
1605018484.236554,18
1605018484.264265,18
1605018484.288181,18
1605018484.310485,17
1605018484.339819,18
1605018484.370188,18
1605018484.395530,18
1605018484.418014,18
1605018484.450714,18
1605018484.477051,18
1605018484.498342,18
1605018484.520631,17
1605018484.556083,18
1605018484.575786,20
1605018484.596630,20
1605018484.623417,20
1605018484.652686,20
1605018484.675040,20
1605018484.697031,19
1605018484.720316,20
1605018484.751257,20
1605018484.773119,20
1605018484.793999,19
1605018484.813537,20
1605018484.836959,20
1605018484.862358,19
1605018484.890257,18
1605018484.921414,19
1605018484.955444,19
1605018484.975691,19
1605018484.995290,19
1605018485.018803,18
1605018485.045441,19
1605018485.076857,19
1605018485.097919,19
1605018485.118643,18
1605018485.145884,19
1605018485.174507,19
1605018485.194021,19
1605018485.223486,19
1605018485.249948,19
1605018485.281118,19
1605018485.301784,19
1605018485.322846,19
1605018485.350595,19
1605018485.379348,19
1605018485.402630,19
1605018485.432466,19
1605018485.478411,18
1605018485.500223,19
1605018485.521806,18
1605018485.549716,20
1605018485.580792,20
1605018485.603182,19
1605018485.626135,20
1605018485.653070,20
1605018485.677991,20
1605018485.722142,20
1605018485.741571,20
1605018485.760248,20
1605018485.778749,19
1605018485.797312,20
1605018485.821368,20
1605018485.847851,20
1605018485.869140,19
1605018485.899109,20
1605018485.928276,19
1605018485.951378,20
1605018485.974892,19
1605018485.997634,20
1605018486.019888,19
1605018486.038840,18
1605018486.057711,19
1605018486.076338,19
1605018486.094227,18
1605018486.111809,18
1605018486.129900,18
1605018486.147932,18
1605018486.165504,18
1605018486.183041,18
1605018486.200684,17
1605018486.218348,17
1605018486.236823,18
1605018486.254360,18
1605018486.271857,18
1605018486.289771,18
1605018486.307341,18
1605018486.324446,17
1605018486.341862,18
1605018486.360012,19
1605018486.377191,18
1605018486.394333,18
1605018486.421294,18
1605018486.439319,19
1605018486.459157,17
1605018486.476862,16
1605018486.493897,15
1605018486.510996,14
1605018486.529075,13
1605018486.546322,12
1605018486.563621,11
1605018486.581197,10
1605018486.598294,10
1605018486.615974,12
1605018486.633211,12
1605018486.650445,12
1605018486.669709,11
1605018486.687563,12
1605018486.705141,11
1605018486.728951,11
1605018486.753807,11
1605018486.772279,10
1605018486.789883,10
1605018486.808425,10
1605018486.825538,10
1605018486.843739,10
1605018486.861304,10
1605018486.879442,9
1605018486.896768,9
1605018486.914523,9
1605018486.932073,10
1605018486.950091,10
1605018486.967129,10
1605018486.985369,10
1605018487.003639,10
1605018487.025381,9
1605018487.043332,10
1605018487.062836,11
1605018487.080127,11
1605018487.097494,11
1605018487.115109,11
1605018487.132491,11
1605018487.149829,11
1605018487.166836,11
1605018487.184069,11
1605018487.201421,10
1605018487.218300,10
1605018487.235193,10
1605018487.252525,10
1605018487.269737,10
1605018487.286737,11
1605018487.304499,11
1605018487.322172,11
1605018487.339658,11
1605018487.357225,11
1605018487.374387,11
1605018487.391182,11
1605018487.408200,11
1605018487.425445,11
1605018487.442971,11
1605018487.460709,10
1605018487.477612,10
1605018487.494623,10
1605018487.511729,10
1605018487.528806,11
1605018487.545596,11
1605018487.562932,12
1605018487.580089,12
1605018487.598062,12
1605018487.621959,13
1605018487.639635,13
1605018487.658230,14
1605018487.676351,14
1605018487.693087,14
1605018487.710298,17
1605018487.726939,17
1605018487.743904,16
1605018487.768056,15
1605018487.793903,14
1605018487.814397,14
1605018487.833821,13
1605018487.852318,13
1605018487.869434,15
1605018487.886473,12
1605018487.903700,11
1605018487.920677,11
1605018487.937738,12
1605018487.954908,13
1605018487.971679,13
1605018487.988575,14
1605018488.005924,14
1605018488.023566,14
1605018488.040440,14
1605018488.057238,14
1605018488.073854,14
1605018488.090379,14
1605018488.107178,14
1605018488.124446,14
1605018488.141348,14
1605018488.158084,14
1605018488.176213,13
1605018488.193157,11
1605018488.210527,12
1605018488.228242,12
1605018488.247665,13
1605018488.266805,13
1605018488.285707,13
1605018488.302960,13
1605018488.320329,13
1605018488.337743,13
1605018488.355723,12
1605018488.373215,12
1605018488.390276,13
1605018488.407036,13
1605018488.423836,13
1605018488.441053,13
1605018488.458452,13
1605018488.475518,14
1605018488.492736,14
1605018488.510400,14
1605018488.527352,14
1605018488.544295,14
1605018488.561003,15
1605018488.578928,15
1605018488.596412,14
1605018488.613615,13
1605018488.631170,13
1605018488.648965,13
1605018488.690384,13
1605018488.720980,15
1605018488.737671,15
1605018488.754761,15
1605018488.779401,14
1605018488.804927,15
1605018488.835000,15
1605018488.855440,15
1605018488.882614,14
1605018488.907122,13
1605018488.927182,12
1605018488.945601,12
1605018488.966073,13
1605018488.997101,12
1605018489.016357,13
1605018489.036820,13
1605018489.054150,13
1605018489.077094,12
1605018489.100823,13
1605018489.120591,12
1605018489.138570,12
1605018489.157701,13
1605018489.183628,14
1605018489.205750,13
1605018489.224261,15
1605018489.244729,15
1605018489.263278,15
1605018489.289158,15
1605018489.311905,15
1605018489.332313,14
1605018489.354248,15
1605018489.388942,14
1605018489.413438,13
1605018489.434842,13
1605018489.453965,13
1605018489.473632,13
1605018489.501121,12
1605018489.522929,13
1605018489.542162,12
1605018489.563653,14
1605018489.591031,13
1605018489.612240,14
1605018489.631889,14
1605018489.654498,14
1605018489.681850,14
1605018489.705620,13
1605018489.725540,15
1605018489.746142,15
1605018489.764583,15
1605018489.790175,14
1605018489.815879,14
1605018489.848963,14
1605018489.871052,14
1605018489.900405,13
1605018489.921654,14
1605018489.941119,14
1605018489.961651,14
1605018489.988809,14
1605018490.014996,14
1605018490.042141,14
1605018490.065469,14
1605018490.093132,13
1605018490.121288,14
1605018490.141468,13
1605018490.165612,16
1605018490.193662,17
1605018490.222613,16
1605018490.247009,17
1605018490.271791,19
1605018490.298822,20
1605018490.327374,20
1605018490.349711,20
1605018490.371999,20
1605018490.399859,19
1605018490.427408,17
1605018490.449217,16
1605018490.470042,17
1605018490.495573,16
1605018490.525120,15
1605018490.546308,15
1605018490.566747,15
1605018490.593847,16
1605018490.622475,16
1605018490.647059,15
1605018490.668220,16
1605018490.697099,15
1605018490.726583,15
1605018490.748300,16
1605018490.769254,17
1605018490.793871,15
1605018490.823841,16
1605018490.853353,16
1605018490.873924,15
1605018490.905904,16
1605018490.935120,16
1605018490.958960,16
1605018490.979410,17
1605018491.005562,16
1605018491.031851,16
1605018491.053576,15
1605018491.073395,17
1605018491.102673,16
1605018491.128896,17
1605018491.148907,17
1605018491.170104,17
1605018491.189805,17
1605018491.220627,17
1605018491.248534,17
1605018491.271875,18
1605018491.305634,18
1605018491.334963,19
1605018491.358416,19
1605018491.384664,19
1605018491.413791,18
1605018491.439118,19
1605018491.461130,17
1605018491.480518,17
1605018491.508932,18
1605018491.538062,17
1605018491.557163,17
1605018491.579167,15
1605018491.607894,16
1605018491.635596,16
1605018491.656050,16
1605018491.677940,16
1605018491.699886,16
1605018491.726154,16
1605018491.750293,16
1605018491.773885,16
1605018491.793331,16
1605018491.826172,16
1605018491.858747,16
1605018491.882111,16
1605018491.912642,16
1605018491.938910,16
1605018491.960860,16
1605018491.981924,15
1605018492.009294,16
1605018492.038883,17
1605018492.061480,16
1605018492.082060,17
1605018492.107411,17
1605018492.133982,17
1605018492.155039,17
1605018492.176853,16
1605018492.196843,17
1605018492.228293,17
1605018492.252091,17
1605018492.272807,16
1605018492.294044,16
1605018492.321057,16
1605018492.345793,16
1605018492.369415,15
1605018492.393230,16
1605018492.426262,16
1605018492.462269,16
1605018492.490697,16
1605018492.522834,16
1605018492.554780,17
1605018492.577760,17
1605018492.601962,17
1605018492.637128,17
1605018492.661078,16
1605018492.682134,17
1605018492.702300,17
1605018492.731074,17
1605018492.752243,17
1605018492.773165,16
1605018492.795579,17
1605018492.825021,15
1605018492.853932,15
1605018492.885152,16
1605018492.907086,16
1605018492.939673,15
1605018492.962332,16
1605018492.983024,17
1605018493.003317,16
1605018493.028699,17
1605018493.055080,17
1605018493.076624,17
1605018493.098075,16
1605018493.127989,17
1605018493.155793,17
1605018493.178271,16
1605018493.200109,17
1605018493.224084,17
1605018493.250187,17
1605018493.271923,18
1605018493.294326,18
1605018493.326016,17
1605018493.353474,18
1605018493.376208,19
1605018493.399348,19
1605018493.423661,19
1605018493.451366,19
1605018493.473747,19
1605018493.496389,19
1605018493.514954,19
1605018493.549609,19
1605018493.569001,18
1605018493.588945,19
1605018493.608173,19
1605018493.632425,17
1605018493.659150,18
1605018493.680559,17
1605018493.702944,18
1605018493.732978,17
1605018493.760197,18
1605018493.780287,17
1605018493.802301,18
1605018493.823406,18
1605018493.853241,17
1605018493.879320,16
1605018493.909570,16
1605018493.939091,16
1605018493.965021,17
1605018493.986997,16
1605018494.007672,17
1605018494.035757,16
1605018494.060674,17
1605018494.081651,18
1605018494.102147,17
1605018494.121518,18
1605018494.149606,18
1605018494.168415,17
1605018494.187888,20
1605018494.208830,20
1605018494.233120,19
1605018494.258660,20
1605018494.279203,19
1605018494.304206,20
1605018494.337258,20
1605018494.374373,19
1605018494.404741,19
1605018494.426205,18
1605018494.469396,17
1605018494.509374,17
1605018494.556894,18
1605018494.591892,18
1605018494.615502,19
1605018494.644477,19
1605018494.674788,19
1605018494.696372,19
1605018494.716970,18
1605018494.742181,19
1605018494.768238,18
1605018494.789119,19
1605018494.811138,19
1605018494.845059,19
1605018494.875873,18
1605018494.913026,18
1605018494.944769,17
1605018494.974099,18
1605018494.997898,18
1605018495.021723,18
1605018495.054540,18
1605018495.082236,18
1605018495.107175,17
1605018495.129102,18
1605018495.161082,18
1605018495.185233,17
1605018495.206935,18
1605018495.230398,18
1605018495.260127,18
1605018495.290525,18
1605018495.317980,17
1605018495.353944,18
1605018495.383183,17
1605018495.405463,18
1605018495.432094,18
1605018495.461412,17
1605018495.484724,19
1605018495.505576,19
1605018495.528881,19
1605018495.560023,19
1605018495.580773,20
1605018495.601087,20
1605018495.623494,19
1605018495.648542,20
1605018495.678354,20
1605018495.702793,19
1605018495.724601,20
1605018495.754070,20
1605018495.782715,19
1605018495.802899,20
1605018495.823011,20
1605018495.849415,19
1605018495.878229,19
1605018495.912861,18
1605018495.942528,19
1605018495.977305,18
1605018496.011476,19
1605018496.034222,19
1605018496.061872,19
1605018496.090141,18
1605018496.112786,19
1605018496.133878,19
1605018496.162682,19
1605018496.190136,18
1605018496.210445,19
1605018496.231769,19
1605018496.261124,19
1605018496.290962,19
1605018496.313257,19
1605018496.334409,18
1605018496.362555,19
1605018496.390393,19
1605018496.414392,18
1605018496.437483,19
1605018496.462758,18
1605018496.492387,19
1605018496.512623,18
1605018496.533813,19
1605018496.561732,19
1605018496.590411,19
1605018496.611978,20
1605018496.631938,20
1605018496.656430,20
1605018496.681846,20
1605018496.702054,20
1605018496.721948,19
1605018496.741684,20
1605018496.767732,20
1605018496.793366,20
1605018496.816476,19
1605018496.837699,20
1605018496.865510,20
1605018496.894692,19
1605018496.924570,19
1605018496.944488,19
1605018496.968687,19
1605018496.988908,19
1605018497.009881,19
1605018497.029006,18
1605018497.047921,19
1605018497.081138,18
1605018497.102467,19
1605018497.125217,18
1605018497.145096,19
1605018497.172261,19
1605018497.193336,19
1605018497.215944,19
1605018497.237405,18
1605018497.262631,19
1605018497.290688,20
1605018497.316434,20
1605018497.339919,20
1605018497.370517,20
1605018497.400529,19
1605018497.422462,20
1605018497.444963,20
1605018497.471619,19
1605018497.501557,20
1605018497.527425,18
1605018497.549521,16
1605018497.571011,15
1605018497.593829,14
1605018497.617954,12
1605018497.638419,12
1605018497.657246,10
1605018497.688962,12
1605018497.709829,12
1605018497.745583,12
1605018497.782194,12
1605018497.819864,12
1605018497.850617,11
1605018497.871938,8
1605018497.898681,9
1605018497.918828,7
1605018497.937860,6
1605018497.956857,4
1605018497.987323,5
1605018498.007777,5
1605018498.029447,4
1605018498.050767,5
1605018498.085227,5
1605018498.111015,4
1605018498.134159,5
1605018498.159017,4
1605018498.193286,6
1605018498.216816,6
1605018498.236988,6
1605018498.256894,5
1605018498.287935,5
1605018498.310479,6
1605018498.333350,6
1605018498.353888,5
1605018498.393522,5
1605018498.417550,6
1605018498.437947,7
1605018498.459601,7
1605018498.491764,7
1605018498.512002,7
1605018498.532384,5
1605018498.553260,6
1605018498.580548,7
1605018498.607013,7
1605018498.627088,7
1605018498.648793,6
1605018498.676362,6
1605018498.711886,5
1605018498.735285,6
1605018498.753839,7
1605018498.781753,7
1605018498.808536,6
1605018498.828342,7
1605018498.849537,7
1605018498.868751,7
1605018498.897643,7
1605018498.917767,7
1605018498.938264,6
1605018498.959161,7
1605018498.987202,6
1605018499.018259,6
1605018499.039531,7
1605018499.060099,7
1605018499.088909,7
1605018499.115515,6
1605018499.136832,7
1605018499.157562,7
1605018499.186397,7
1605018499.214183,6
1605018499.233960,7
1605018499.255123,7
1605018499.285069,7
1605018499.316164,8
1605018499.341728,7
1605018499.364311,8
1605018499.392930,7
1605018499.422805,7
1605018499.447632,8
1605018499.469379,7
1605018499.493757,8
1605018499.519708,7
1605018499.539805,8
1605018499.561759,9
1605018499.589952,9
1605018499.621206,9
1605018499.640600,9
1605018499.660422,9
1605018499.688457,9
1605018499.717366,7
1605018499.745333,7
1605018499.776619,7
1605018499.812005,7
1605018499.833224,8
1605018499.853694,8
1605018499.881746,8
1605018499.914210,8
1605018499.935807,8
1605018499.956853,8
1605018499.976586,9
1605018500.006516,8
1605018500.026511,9
1605018500.047468,9
1605018500.066537,9
1605018500.084800,8
1605018500.114782,9
1605018500.134426,8
1605018500.156226,9
1605018500.176177,9
1605018500.202419,9
1605018500.226342,9
1605018500.248906,9
1605018500.269630,9
1605018500.290385,9
1605018500.323694,9
1605018500.346662,8
1605018500.366557,9
1605018500.386070,9
1605018500.417319,9
1605018500.439502,8
1605018500.474686,8
1605018500.501626,9
1605018500.533045,9
1605018500.557434,9
1605018500.580947,10
1605018500.608381,10
1605018500.637608,11
1605018500.660643,11
1605018500.682373,10
1605018500.708536,11
1605018500.743549,10
1605018500.776995,10
1605018500.805252,10
1605018500.835184,10
1605018500.856778,10
1605018500.878082,9
1605018500.905532,10
1605018500.933214,10
1605018500.955768,10
1605018500.977932,10
1605018501.009248,9
1605018501.034034,10
1605018501.055884,9
1605018501.084517,10
1605018501.111576,10
1605018501.140695,10
1605018501.163549,10
1605018501.185891,9
1605018501.220591,9
1605018501.241225,10
1605018501.264498,9
1605018501.283975,10
1605018501.309889,10
1605018501.337105,10
1605018501.359664,10
1605018501.385939,10
1605018501.424072,11
1605018501.445556,11
1605018501.467327,11
1605018501.487079,11
1605018501.513848,11
1605018501.538064,10
1605018501.557741,11
1605018501.576601,12
1605018501.595429,12
1605018501.625470,11
1605018501.644364,12
1605018501.677347,12
1605018501.696872,12
1605018501.724479,12
1605018501.748433,10
1605018501.768676,11
1605018501.803824,11
1605018501.833820,11
1605018501.863018,10
1605018501.882176,11
1605018501.906929,11
1605018501.928504,10
1605018501.948833,11
1605018501.969065,11
1605018501.987368,11
1605018502.006846,10
1605018502.032771,11
1605018502.051591,11
1605018502.072533,10
1605018502.091765,11
1605018502.117524,11
1605018502.139168,10
1605018502.158916,11
1605018502.180020,11
1605018502.197671,11
1605018502.223594,10
1605018502.243615,12
1605018502.270635,12
1605018502.292954,12
1605018502.324222,12
1605018502.353824,12
1605018502.378386,11
1605018502.400745,12
1605018502.432009,12
1605018502.457397,12
1605018502.478753,12
1605018502.496997,12
1605018502.521897,12
1605018502.545924,12
1605018502.566029,13
1605018502.585862,13
1605018502.605196,12
1605018502.637118,12
1605018502.655791,12
1605018502.676931,13
1605018502.698042,13
1605018502.724247,13
1605018502.748986,13
1605018502.770536,11
1605018502.801204,11
1605018502.834253,11
1605018502.863161,11
1605018502.895570,11
1605018502.915788,12
1605018502.935989,12
1605018502.954518,12
1605018502.973439,12
1605018502.992568,11
1605018503.012910,12
1605018503.040580,11
1605018503.062022,12
1605018503.080962,12
1605018503.101139,12
1605018503.125512,13
1605018503.151389,13
1605018503.171410,12
1605018503.192086,13
1605018503.211438,13
1605018503.230783,13
1605018503.253155,12
1605018503.275424,13
1605018503.296036,13
1605018503.317059,12
1605018503.347420,12
1605018503.375687,13
1605018503.402757,13
1605018503.440455,13
1605018503.476110,13
1605018503.503901,13
1605018503.538241,13
1605018503.563938,13
1605018503.589462,13
1605018503.613417,14
1605018503.645851,14
1605018503.670720,13
1605018503.695699,14
1605018503.721550,13
1605018503.750894,14
1605018503.771856,14
1605018503.792337,13
1605018503.819532,12
1605018503.851557,12
1605018503.882034,12
1605018503.911767,13
1605018503.937995,13
1605018503.967877,13
1605018503.989168,13
1605018504.012342,12
1605018504.037226,13
1605018504.069472,14
1605018504.097361,14
1605018504.121477,14
1605018504.155773,13
1605018504.179453,14
1605018504.200227,14
1605018504.220675,13
1605018504.253299,14
1605018504.278481,14
1605018504.299865,14
1605018504.332725,13
1605018504.361125,14
1605018504.384299,13
1605018504.408379,14
1605018504.435175,13
1605018504.461910,14
1605018504.484573,14
1605018504.505741,14
1605018504.528187,13
1605018504.556625,14
1605018504.579645,14
1605018504.600483,15
1605018504.622890,15
1605018504.654721,15
1605018504.685359,15
1605018504.705891,14
1605018504.727411,15
1605018504.758127,14
1605018504.777575,15
1605018504.797384,15
1605018504.817016,14
1605018504.851270,14
1605018504.879483,14
1605018504.906395,14
1605018504.927742,14
1605018504.958323,14
1605018504.979580,14
1605018505.000525,14
1605018505.023318,14
1605018505.050605,14
1605018505.074192,14
1605018505.096250,15
1605018505.114615,15
1605018505.133829,15
1605018505.162549,15
1605018505.181828,15
1605018505.204616,15
1605018505.225410,14
1605018505.252991,15
1605018505.281641,16
1605018505.303719,15
1605018505.323393,16
1605018505.349674,16
1605018505.376955,16
1605018505.400174,15
1605018505.424443,16
1605018505.459052,16
1605018505.489463,16
1605018505.512768,14
1605018505.533931,15
1605018505.565600,14
1605018505.589609,16
1605018505.612346,15
1605018505.631238,16
1605018505.655569,16
1605018505.684908,16
1605018505.704860,16
1605018505.723633,15
1605018505.754024,16
1605018505.781428,16
1605018505.801075,16
1605018505.821941,14
1605018505.852278,15
1605018505.876952,15
1605018505.903804,14
1605018505.927232,15
1605018505.947113,15
1605018505.966628,14
1605018505.986421,14
1605018506.004923,15
1605018506.023475,15
1605018506.054471,15
1605018506.081043,14
1605018506.103687,15
1605018506.126045,15
1605018506.146718,14
1605018506.175330,16
1605018506.195400,15
1605018506.215741,16
1605018506.235263,16
1605018506.261433,16
1605018506.289422,16
1605018506.314661,16
1605018506.335760,16
1605018506.367933,16
1605018506.399341,16
1605018506.421484,15
1605018506.447736,16
1605018506.482154,16
1605018506.503043,16
1605018506.528560,16
1605018506.549239,15
1605018506.581072,16
1605018506.602431,17
1605018506.624548,17
1605018506.661136,17
1605018506.697629,17
1605018506.719247,17
1605018506.739817,17
1605018506.774629,17
1605018506.803422,17
1605018506.823959,16
1605018506.843942,16
1605018506.871270,16
1605018506.896738,16
1605018506.920072,15
1605018506.941015,16
1605018506.969840,15
1605018506.998355,16
1605018507.020240,16
1605018507.044495,16
1605018507.071263,16
1605018507.098066,15
1605018507.121090,16
1605018507.148679,15
1605018507.181342,15
1605018507.211234,15
1605018507.241151,16
1605018507.274769,16
1605018507.309952,15
1605018507.331359,17
1605018507.356809,16
1605018507.386254,17
1605018507.412221,17
1605018507.434111,17
1605018507.453967,16
1605018507.479725,17
1605018507.505501,17
1605018507.527161,17
1605018507.549533,16
1605018507.578258,18
1605018507.606261,18
1605018507.630145,17
1605018507.650692,17
1605018507.677755,18
1605018507.702872,18
1605018507.723927,18
1605018507.744982,17
1605018507.763955,18
1605018507.793964,17
1605018507.816403,18
1605018507.848808,17
1605018507.884212,17
1605018507.912198,17
1605018507.942122,16
1605018507.978194,17
1605018508.002192,16
1605018508.031493,17
1605018508.054020,17
1605018508.085205,16
1605018508.114090,17
1605018508.135849,17
1605018508.156598,17
1605018508.184350,17
1605018508.211237,17
1605018508.234290,17
1605018508.256909,17
1605018508.292165,17
1605018508.320486,17
1605018508.343033,16
1605018508.364375,17
1605018508.390567,16
1605018508.417407,17
1605018508.446280,17
1605018508.467682,17
1605018508.500994,17
1605018508.528747,18
1605018508.553044,17
1605018508.578201,18
1605018508.608514,18
1605018508.630541,18
1605018508.652079,18
1605018508.672652,18
1605018508.703192,18
1605018508.722903,18
1605018508.743960,18
1605018508.764968,18
1605018508.792113,18
1605018508.818838,18
1605018508.838491,18
1605018508.858860,17
1605018508.877278,17
1605018508.907879,17
1605018508.929606,18
1605018508.950551,18
1605018508.970109,18
1605018508.996620,18
1605018509.018617,17
1605018509.048022,18
1605018509.071304,18
1605018509.096887,18
1605018509.120939,18
1605018509.141302,18
1605018509.162691,18
1605018509.193087,18
1605018509.217650,18
1605018509.237171,18
1605018509.258230,18
1605018509.277071,17
1605018509.305394,18
1605018509.327605,17
1605018509.348576,18
1605018509.368063,18
1605018509.397556,18
1605018509.426195,17
1605018509.447205,18
1605018509.473052,17
1605018509.501959,18
1605018509.527414,18
1605018509.546455,18
1605018509.567557,17
1605018509.594025,18
1605018509.619464,17
1605018509.645919,18
1605018509.668273,17
1605018509.698493,17
1605018509.725611,18
1605018509.744417,18
1605018509.764740,17
1605018509.782527,18
1605018509.813616,18
1605018509.833068,19
1605018509.852480,19
1605018509.872327,19
1605018509.900168,19
1605018509.927197,18
1605018509.949041,19
1605018509.969893,19
1605018509.988074,18
1605018510.007841,19
1605018510.029771,19
1605018510.050087,19
1605018510.068747,19
1605018510.086529,18
1605018510.115454,19
1605018510.134492,18
1605018510.154730,19
1605018510.173765,19
1605018510.191889,19
1605018510.217500,19
1605018510.246058,19
1605018510.267018,18
1605018510.289126,19
1605018510.315800,19
1605018510.343151,18
1605018510.364137,19
1605018510.383037,19
1605018510.408072,19
1605018510.434626,19
1605018510.458119,18
1605018510.476293,18
1605018510.494241,19
1605018510.525914,19
1605018510.544095,19
1605018510.567786,19
1605018510.587476,18
1605018510.619525,18
1605018510.643204,19
1605018510.662220,19
1605018510.686499,19
1605018510.713192,19
1605018510.743086,19
1605018510.762557,19
1605018510.782580,18
1605018510.809782,19
1605018510.833983,19
1605018510.861616,18
1605018510.882582,19
1605018510.908658,18
1605018510.933089,19
1605018510.955138,19
1605018510.975477,18
1605018510.994606,19
1605018511.017179,19
1605018511.039045,18
1605018511.058534,18
1605018511.081669,19
1605018511.115616,19
1605018511.140752,20
1605018511.161148,20
1605018511.180847,20
1605018511.210293,20
1605018511.238133,20
1605018511.259422,20
1605018511.281670,19
1605018511.301460,20
1605018511.335096,20
1605018511.357999,20
1605018511.378386,19
1605018511.398496,20
1605018511.427364,19
1605018511.450441,20
1605018511.470778,20
1605018511.491003,19
1605018511.517015,20
1605018511.545609,20
1605018511.568259,20
1605018511.591082,20
1605018511.625280,19
1605018511.653020,19
1605018511.674690,20
1605018511.695323,20
1605018511.724607,20
1605018511.748839,19
1605018511.770450,20
1605018511.792302,20
1605018511.821869,20
1605018511.850856,20
1605018511.871823,20
1605018511.895790,19
1605018511.925700,19
1605018511.953431,20
1605018511.975230,19
1605018511.993711,19
1605018512.025328,19
1605018512.049915,20
1605018512.069854,20
1605018512.091023,19
1605018512.109699,20
1605018512.140157,20
1605018512.161650,20
1605018512.182129,20
1605018512.200858,19
1605018512.226747,20
1605018512.250252,19
1605018512.275565,20
1605018512.300185,19
1605018512.330062,19
1605018512.360973,20
1605018512.382957,20
1605018512.412116,20
1605018512.446388,19
1605018512.473471,20
1605018512.496187,20
1605018512.522205,20
1605018512.549036,20
1605018512.570303,20
1605018512.591111,19
1605018512.613028,20
1605018512.646078,20
1605018512.667292,20
1605018512.688573,20
1605018512.708186,20
1605018512.731676,20
1605018512.755070,20
1605018512.775061,20
1605018512.793424,20
1605018512.824249,20
